Genetic Algorithm Specifications
------------------------
N = 200, T = 200, pc = 0.8, pm = 0.05, pswap = 0.05, pinv = 0.05
Processing time = 6.048238515853882
best Cmax = 57
random generated numbers:[5.55, 29.21, 12.49, 24.31, 2.13, 31.21, 3.93, 18.04, 34.42, 26.85, 2.56, 4.88, 20.27, 35.16, 31.01, 3.43, 22.01, 5.49, 20.12, 2.78, 26.87, 32.82, 6.37, 35.15, 17.32, 26.17, 6.73, 3.79, 13.42, 23.54, 21.66, 10.38, 16.65, 27.9, 8.7, 6.91]
ranked list : [8, 29, 14, 24, 0, 31, 5, 18, 33, 26, 1, 6, 20, 35, 30, 3, 22, 7, 19, 2, 27, 32, 9, 34, 17, 25, 10, 4, 15, 23, 21, 13, 16, 28, 12, 11]
 operation_index :[2, 5, 2, 0, 0, 1, 5, 0, 3, 2, 1, 0, 2, 5, 0, 3, 4, 1, 1, 2, 3, 2, 3, 4, 5, 1, 4, 4, 3, 5, 3, 1, 4, 4, 0, 5]
machine sequence: [2, 1, 3, 2, 0, 1, 3, 1, 1, 5, 2, 3, 0, 5, 5, 0, 2, 4, 5, 1, 2, 4, 3, 1, 0, 0, 4, 5, 4, 4, 5, 3, 0, 3, 4, 2]
 ptime sequence: [5, 3, 4, 1, 3, 8, 3, 6, 5, 8, 5, 7, 9, 9, 3, 5, 9, 10, 10, 1, 5, 7, 3, 3, 10, 10, 5, 4, 8, 4, 9, 4, 3, 1, 6, 1]
 Cmax: 57
