Genetic Algorithm Specifications
------------------------
N = 200, T = 200, pc = 0.8, pm = 0.05, pswap = 0.05, pinv = 0.05
Processing time = 6.792120695114136
best Cmax = 55
random generated numbers:[16.4, 10.41, 22.1, 0.21, 0.94, 23.94, 20.64, 14.16, 12.84, 9.1, 32.27, 0.83, 17.9, 35.38, 22.45, 25.64, 23.19, 23.29, 27.61, 18.61, 28.11, 29.21, 34.83, 31.7, 1.19, 4.91, 27.56, 20.32, 7.58, 14.86, 2.86, 25.69, 22.58, 4.13, 22.94, 17.28]
ranked list : [13, 9, 20, 0, 2, 25, 18, 11, 10, 8, 33, 1, 15, 35, 21, 26, 23, 24, 29, 16, 30, 31, 34, 32, 3, 6, 28, 17, 7, 12, 4, 27, 19, 5, 22, 14]
 operation_index :[1, 3, 2, 0, 2, 1, 0, 5, 4, 2, 3, 1, 3, 5, 3, 2, 5, 0, 5, 4, 0, 1, 4, 2, 3, 0, 4, 5, 1, 0, 4, 3, 1, 5, 4, 2]
machine sequence: [1, 1, 2, 2, 3, 2, 0, 1, 2, 5, 0, 4, 2, 3, 3, 0, 5, 1, 0, 1, 3, 5, 4, 1, 4, 5, 5, 4, 0, 4, 0, 5, 3, 2, 3, 4]
 ptime sequence: [8, 5, 5, 1, 4, 5, 3, 3, 9, 8, 5, 10, 5, 3, 3, 9, 9, 6, 10, 3, 7, 10, 5, 1, 8, 3, 4, 4, 10, 6, 3, 9, 4, 1, 1, 7]
 Cmax: 55
