Genetic Algorithm Specifications
------------------------
N = 200, T = 200, pc = 0.8, pm = 0.05, pswap = 0.05, pinv = 0.05
Processing time = 5.789442539215088
best Cmax = 57
random generated numbers:[2, 5, 3, 4, 6, 1, 8, 11, 12, 9, 8.01, 10, 16, 17, 13, 15, 18, 14, 22, 23, 19, 21, 20, 24, 27, 25, 29, 30, 28, 26, 35, 36, 32, 31, 33, 4.07]
ranked list : [1, 5, 2, 3, 6, 0, 7, 11, 12, 9, 8, 10, 16, 17, 13, 15, 18, 14, 22, 23, 19, 21, 20, 24, 27, 25, 29, 30, 28, 26, 34, 35, 32, 31, 33, 4]
 operation_index :[1, 5, 2, 3, 0, 0, 1, 5, 0, 3, 2, 4, 4, 5, 1, 3, 0, 2, 4, 5, 1, 3, 2, 0, 3, 1, 5, 0, 4, 2, 4, 5, 2, 1, 3, 4]
machine sequence: [1, 1, 2, 1, 2, 0, 2, 3, 1, 0, 3, 2, 1, 5, 4, 2, 3, 5, 4, 0, 5, 3, 0, 5, 4, 0, 4, 4, 5, 1, 0, 2, 4, 3, 5, 3]
 ptime sequence: [8, 3, 5, 5, 1, 3, 5, 3, 6, 5, 4, 9, 3, 9, 10, 5, 7, 8, 5, 10, 10, 3, 9, 3, 8, 10, 4, 6, 4, 1, 3, 1, 7, 4, 9, 1]
 Cmax: 57
