Genetic Algorithm Specifications
------------------------
N = 200, T = 200, pc = 0.8, pm = 0.05, pswap = 0.05, pinv = 0.05
Processing time = 6.362114429473877
best Cmax = 55
random generated numbers:[9.07, 22.13, 6.27, 32.87, 6, 1, 8, 10, 9, 7, 11, 12, 14, 18, 25, 13, 16, 17, 20, 24, 21, 19, 23, 22, 26, 28, 30, 15, 29, 33, 34, 27, 31, 32, 35, 36]
ranked list : [6, 20, 2, 31, 1, 0, 4, 7, 5, 3, 8, 9, 11, 15, 23, 10, 13, 14, 17, 22, 18, 16, 21, 19, 24, 26, 28, 12, 27, 25, 33, 32, 29, 30, 34, 35]
 operation_index :[0, 2, 2, 1, 1, 0, 4, 1, 5, 3, 2, 3, 5, 3, 5, 4, 1, 2, 5, 4, 0, 4, 3, 1, 0, 2, 4, 0, 3, 1, 3, 2, 5, 0, 4, 5]
machine sequence: [2, 2, 3, 1, 2, 0, 2, 4, 1, 1, 5, 0, 3, 2, 5, 1, 5, 0, 0, 4, 1, 5, 3, 0, 3, 1, 0, 5, 4, 3, 5, 4, 4, 4, 3, 2]
 ptime sequence: [1, 5, 4, 8, 5, 3, 9, 10, 3, 5, 8, 5, 3, 5, 9, 3, 10, 9, 10, 5, 6, 4, 3, 10, 7, 1, 3, 3, 8, 4, 9, 7, 4, 6, 1, 1]
 Cmax: 55
