Genetic Algorithm Specifications
------------------------
N = 200, T = 200, pc = 0.8, pm = 0.05, pswap = 0.05, pinv = 0.05
Processing time = 6.09692907333374
best Cmax = 58
random generated numbers:[21.0, 22.63, 7.41, 23.41, 24.88, 30.69, 31.87, 18.63, 29.11, 33.41, 35.7, 32.03, 13.87, 18.21, 3.19, 23.71, 4.22, 12.64, 0.99, 22.75, 2.92, 6.88, 7.36, 31.79, 8.53, 18.98, 8.71, 26.9, 28.38, 19.1, 27.17, 22.18, 2.09, 23.14, 27.9, 20.8]
ranked list : [18, 20, 7, 23, 25, 30, 32, 14, 11, 34, 35, 33, 12, 13, 3, 24, 4, 10, 0, 21, 2, 5, 6, 31, 8, 15, 9, 26, 29, 16, 27, 19, 1, 22, 28, 17]
 operation_index :[0, 2, 1, 5, 1, 0, 2, 2, 5, 4, 5, 3, 0, 1, 3, 0, 4, 4, 0, 3, 2, 5, 0, 1, 2, 3, 3, 2, 5, 4, 3, 1, 1, 4, 4, 5]
machine sequence: [2, 2, 1, 1, 2, 0, 3, 5, 3, 2, 5, 1, 1, 4, 0, 3, 1, 4, 5, 2, 0, 0, 4, 5, 1, 3, 4, 4, 4, 5, 5, 0, 3, 0, 3, 2]
 ptime sequence: [1, 5, 8, 3, 5, 3, 4, 8, 3, 9, 9, 5, 6, 10, 5, 7, 3, 5, 3, 5, 9, 10, 6, 10, 1, 3, 8, 7, 4, 4, 9, 10, 4, 3, 1, 1]
 Cmax: 58
