Genetic Algorithm Specifications
------------------------
N = 200, T = 200, pc = 0.8, pm = 0.05, pswap = 0.05, pinv = 0.05
Processing time = 5.9477784633636475
best Cmax = 58
random generated numbers:[27.21, 16.51, 30.01, 11.43, 20.31, 33.8, 35.26, 30.58, 34.66, 16.72, 21.09, 0.59, 28.88, 6.65, 19.08, 0.0, 5.07, 23.88, 1.77, 3.89, 10.14, 0.54, 18.19, 26.62, 6.52, 24.62, 1.72, 26.98, 13.45, 30.0, 24.35, 12.06, 23.59, 34.94, 3.75, 27.8]
ranked list : [26, 14, 30, 11, 18, 32, 35, 31, 33, 15, 19, 2, 28, 9, 17, 0, 7, 21, 4, 6, 10, 1, 16, 24, 8, 23, 3, 25, 13, 29, 22, 12, 20, 34, 5, 27]
 operation_index :[2, 2, 0, 5, 0, 2, 5, 1, 3, 3, 1, 2, 4, 3, 5, 0, 1, 3, 4, 0, 4, 1, 4, 0, 2, 5, 3, 1, 1, 5, 4, 0, 2, 4, 5, 3]
machine sequence: [2, 3, 2, 1, 0, 5, 3, 1, 1, 0, 2, 0, 2, 2, 5, 1, 4, 3, 1, 3, 4, 5, 5, 5, 1, 0, 4, 0, 3, 4, 0, 4, 4, 3, 2, 5]
 ptime sequence: [5, 4, 1, 3, 3, 8, 3, 8, 5, 5, 5, 9, 9, 5, 9, 6, 10, 3, 3, 7, 5, 10, 4, 3, 1, 10, 8, 10, 4, 4, 3, 6, 7, 1, 1, 9]
 Cmax: 58
