Genetic Algorithm Specifications
------------------------
N = 200, T = 200, pc = 0.8, pm = 0.05, pswap = 0.05, pinv = 0.05
Processing time = 6.11604642868042
best Cmax = 57
random generated numbers:[31.7, 28.89, 30.38, 18.47, 30.47, 6.51, 8.87, 33.99, 5.51, 20.15, 13.06, 22.64, 25.94, 6.85, 19.84, 28.55, 33.05, 17.63, 31.92, 12.87, 15.81, 31.69, 29.54, 7.49, 18.62, 28.24, 20.35, 31.87, 17.15, 5.17, 24.42, 31.930000000000003, 28.8, 14.54, 31.52, 17.89]
ranked list : [30, 24, 26, 13, 27, 2, 5, 35, 1, 16, 7, 18, 20, 3, 15, 22, 34, 11, 32, 6, 9, 29, 25, 4, 14, 21, 17, 31, 10, 0, 19, 33, 23, 8, 28, 12]
 operation_index :[0, 0, 2, 1, 3, 2, 5, 5, 1, 4, 1, 0, 2, 3, 3, 4, 4, 5, 2, 0, 3, 5, 1, 4, 2, 3, 5, 1, 4, 0, 1, 3, 5, 2, 4, 0]
machine sequence: [2, 0, 2, 1, 1, 3, 1, 3, 2, 2, 4, 1, 5, 0, 2, 1, 4, 5, 0, 3, 3, 0, 5, 5, 1, 4, 4, 0, 0, 5, 3, 5, 2, 4, 3, 4]
 ptime sequence: [1, 3, 5, 8, 5, 4, 3, 3, 5, 9, 10, 6, 8, 5, 5, 3, 5, 9, 9, 7, 3, 10, 10, 4, 1, 8, 4, 10, 3, 3, 4, 9, 1, 7, 1, 6]
 Cmax: 57
