Genetic Algorithm Specifications
------------------------
N = 350, T = 450, pc = 0.8, pm = 0.05, pswap = 0.05, pinv = 0.05
Processing time = 36.34829783439636
best Cmax = 666
random generated numbers:[14.31, 34.52, 2.04, 47.69, 5.03, 36.59, 5.35, 15.93, 28.98, 41.47, 27.25, 44.25, 30.9, 36.21, 11.87, 17.97, 34.25, 32.23, 31.46, 35.91, 14.42, 40.22, 46.78, 7.14, 6.94, 7.67, 20.71, 33.72, 2.62, 33.86, 1.25, 45.79, 43.93, 21.87, 38.69, 35.93, 46.62, 8.9, 15.56, 1.28, 11.62, 25.4, 28.49, 32.9, 0.99, 25.09, 11.64, 18.96, 21.43, 18.97]
ranked list : [14, 36, 3, 49, 5, 40, 6, 17, 28, 43, 26, 45, 29, 39, 13, 18, 35, 31, 30, 37, 15, 42, 48, 8, 7, 9, 21, 33, 4, 34, 1, 46, 44, 23, 41, 38, 47, 10, 16, 2, 11, 25, 27, 32, 0, 24, 12, 19, 22, 20]
 operation_index :[4, 6, 3, 9, 5, 0, 6, 7, 8, 3, 6, 5, 9, 9, 3, 8, 5, 1, 0, 7, 5, 2, 8, 8, 7, 9, 1, 3, 4, 4, 1, 6, 4, 3, 1, 8, 7, 0, 6, 2, 1, 5, 7, 2, 0, 4, 2, 9, 2, 0]
machine sequence: [0, 3, 1, 4, 1, 1, 4, 2, 3, 0, 1, 2, 3, 2, 4, 1, 4, 0, 0, 0, 0, 3, 4, 0, 1, 1, 3, 2, 3, 2, 4, 2, 1, 3, 2, 2, 3, 4, 0, 4, 1, 3, 4, 1, 3, 4, 2, 0, 0, 2]
 ptime sequence: [83, 69, 77, 77, 54, 21, 77, 38, 17, 55, 87, 43, 79, 43, 79, 49, 79, 21, 53, 60, 92, 39, 25, 44, 41, 75, 52, 66, 34, 64, 16, 87, 19, 77, 26, 98, 24, 95, 93, 98, 71, 62, 83, 42, 55, 37, 31, 96, 12, 34]
 Cmax: 666
