Genetic Algorithm Specifications
------------------------
N = 350, T = 450, pc = 0.8, pm = 0.05, pswap = 0.05, pinv = 0.05
Processing time = 29.520479202270508
best Cmax = 692
random generated numbers:[26.14, 12.04, 38.32, 22.23, 1.73, 20.72, 20.05, 45.4, 27.72, 18.24, 42.57, 34.14, 23.91, 23.33, 6.69, 40.45, 46.07, 9.13, 43.32, 24.88, 44.38, 39.18, 9.11, 4.73, 44.5, 10.76, 26.06, 29.76, 28.56, 37.23, 15.59, 45.33, 43.29, 15.32, 11.44, 16.28, 16.95, 22.81, 46.87, 27.63, 3.5, 26.48, 47.19, 30.8, 24.12, 12.22, 22.11, 23.03, 48.44, 11.13]
ranked list : [27, 9, 36, 19, 0, 17, 16, 45, 30, 15, 39, 34, 23, 22, 3, 38, 46, 5, 41, 25, 42, 37, 4, 2, 43, 6, 26, 32, 31, 35, 12, 44, 40, 11, 8, 13, 14, 20, 47, 29, 1, 28, 48, 33, 24, 10, 18, 21, 49, 7]
 operation_index :[7, 9, 6, 9, 0, 7, 6, 5, 0, 5, 9, 4, 3, 2, 3, 8, 6, 5, 1, 5, 2, 7, 4, 2, 3, 6, 6, 2, 1, 5, 2, 4, 0, 1, 8, 3, 4, 0, 7, 9, 1, 8, 8, 3, 4, 0, 8, 1, 9, 7]
machine sequence: [2, 4, 3, 3, 1, 0, 4, 1, 0, 2, 2, 0, 1, 3, 0, 3, 1, 4, 0, 0, 4, 1, 3, 1, 4, 2, 0, 2, 3, 3, 0, 2, 4, 4, 1, 2, 1, 3, 3, 1, 2, 4, 0, 3, 4, 2, 2, 1, 0, 4]
 ptime sequence: [38, 77, 69, 79, 21, 60, 77, 54, 53, 43, 43, 83, 77, 39, 55, 17, 87, 79, 21, 92, 98, 41, 34, 42, 79, 87, 93, 31, 52, 62, 12, 64, 95, 16, 49, 66, 19, 55, 24, 75, 26, 25, 44, 77, 37, 34, 98, 71, 96, 83]
 Cmax: 692
