Genetic Algorithm Specifications
------------------------
N = 350, T = 450, pc = 0.8, pm = 0.05, pswap = 0.05, pinv = 0.05
Processing time = 38.14608359336853
best Cmax = 694
random generated numbers:[12.41, 5.05, 44.71, 9.59, 12.2, 16.57, 5.26, 7.7, 16.66, 33.7, 5.75, 33.23, 27.71, 19.78, 12.38, 3.82, 39.18, 4.43, 17.79, 27.19, 16.45, 32.4, 27.66, 28.69, 10.05, 10.31, 11.11, 32.01, 7.81, 16.15, 39.68, 29.16, 5.9, 15.06, 26.35, 19.64, 43.34, 16.85, 36.05, 27.83, 44.67, 3.7, 29.45, 4.65, 31.18, 45.92, 37.28, 43.98, 33.239999999999995, 35.93]
ranked list : [16, 4, 48, 10, 14, 20, 5, 8, 21, 39, 6, 37, 29, 25, 15, 1, 43, 2, 23, 27, 19, 36, 28, 31, 11, 12, 13, 35, 9, 18, 44, 32, 7, 17, 26, 24, 45, 22, 41, 30, 47, 0, 33, 3, 34, 49, 42, 46, 38, 40]
 operation_index :[6, 4, 8, 0, 4, 0, 5, 8, 1, 9, 6, 7, 9, 5, 5, 1, 3, 2, 3, 7, 9, 6, 8, 1, 1, 2, 3, 5, 9, 8, 4, 2, 7, 7, 6, 4, 5, 2, 1, 0, 7, 0, 3, 3, 4, 9, 2, 6, 8, 0]
machine sequence: [3, 0, 3, 1, 3, 0, 1, 1, 0, 4, 4, 2, 3, 2, 4, 3, 1, 3, 0, 0, 2, 1, 4, 4, 2, 4, 4, 0, 1, 0, 2, 1, 1, 3, 2, 1, 3, 2, 1, 4, 4, 3, 2, 3, 4, 0, 0, 0, 2, 2]
 ptime sequence: [69, 83, 17, 21, 34, 53, 54, 49, 21, 77, 77, 38, 79, 43, 79, 52, 77, 39, 55, 60, 43, 87, 25, 16, 26, 98, 79, 92, 75, 44, 64, 42, 41, 24, 87, 19, 62, 31, 71, 95, 83, 55, 66, 77, 37, 96, 12, 93, 98, 34]
 Cmax: 694
