Genetic Algorithm Specifications
------------------------
N = 350, T = 450, pc = 0.8, pm = 0.05, pswap = 0.05, pinv = 0.05
Processing time = 39.31455898284912
best Cmax = 695
random generated numbers:[49.34, 1.07, 39.49, 19.81, 31.89, 22.08, 21.79, 30.9, 21.84, 21.48, 13.41, 43.14, 9.51, 36.58, 39.42, 15.23, 6.59, 47.29, 29.25, 44.63, 17.28, 49.94, 9.72, 45.6, 23.18, 9.96, 8.78, 14.0, 43.49, 31.94, 5.89, 28.25, 19.15, 48.38, 33.89, 30.53, 28.13, 37.33, 40.36, 31.1, 25.15, 27.1, 7.83, 1.71, 35.83, 49.19, 25.91, 40.73, 36.67, 17.66]
ranked list : [48, 0, 38, 15, 30, 19, 17, 28, 18, 16, 9, 41, 6, 34, 37, 11, 3, 45, 26, 43, 12, 49, 7, 44, 20, 8, 5, 10, 42, 31, 2, 25, 14, 46, 32, 27, 24, 36, 39, 29, 21, 23, 4, 1, 33, 47, 22, 40, 35, 13]
 operation_index :[8, 0, 8, 5, 0, 9, 7, 8, 8, 6, 9, 1, 6, 4, 7, 1, 3, 5, 6, 3, 2, 9, 7, 4, 0, 8, 5, 0, 2, 1, 2, 5, 4, 6, 2, 7, 4, 6, 9, 9, 1, 3, 4, 1, 3, 7, 2, 0, 5, 3]
machine sequence: [3, 1, 1, 1, 0, 4, 2, 4, 0, 3, 3, 0, 4, 0, 0, 3, 1, 2, 1, 0, 3, 2, 1, 3, 4, 2, 4, 3, 4, 4, 1, 0, 2, 2, 2, 3, 1, 0, 1, 0, 2, 4, 4, 1, 2, 4, 0, 2, 3, 3]
 ptime sequence: [17, 21, 49, 54, 53, 77, 38, 25, 44, 69, 79, 21, 77, 83, 60, 52, 77, 43, 87, 55, 39, 43, 41, 34, 95, 98, 79, 55, 98, 16, 42, 92, 64, 87, 31, 24, 19, 93, 75, 96, 26, 79, 37, 71, 66, 83, 12, 34, 62, 77]
 Cmax: 695
