Genetic Algorithm Specifications
------------------------
N = 350, T = 450, pc = 0.8, pm = 0.05, pswap = 0.05, pinv = 0.05
Processing time = 31.121171712875366
best Cmax = 711
random generated numbers:[10.21, 36.1, 40.47, 48.32, 18.96, 29.28, 3.16, 22.06, 49.11, 13.13, 27.5, 14.48, 36.72, 38.05, 22.33, 6.8, 12.4, 9.48, 27.93, 14.0, 26.03, 49.81, 47.68, 38.4, 15.08, 13.95, 27.82, 3.73, 30.21, 5.8, 36.15, 18.4, 16.57, 6.83, 43.94, 10.85, 8.35, 3.18, 23.43, 37.22, 48.33, 5.9, 15.53, 30.38, 40.95, 10.54, 1.73, 29.44, 10.91, 45.66]
ranked list : [9, 35, 41, 46, 22, 30, 1, 23, 48, 14, 27, 17, 37, 39, 24, 5, 13, 8, 29, 16, 26, 49, 45, 40, 18, 15, 28, 34, 32, 3, 36, 21, 20, 6, 43, 11, 7, 2, 25, 38, 47, 4, 19, 33, 42, 10, 0, 31, 12, 44]
 operation_index :[9, 5, 1, 6, 2, 0, 1, 3, 8, 4, 7, 7, 7, 9, 4, 5, 3, 8, 9, 6, 6, 9, 5, 0, 8, 5, 8, 4, 2, 3, 6, 1, 0, 6, 3, 1, 7, 2, 5, 8, 7, 4, 9, 3, 2, 0, 0, 1, 2, 4]
machine sequence: [4, 1, 0, 3, 3, 1, 3, 1, 3, 0, 2, 0, 1, 3, 3, 2, 0, 1, 2, 4, 1, 1, 4, 0, 4, 0, 0, 2, 4, 4, 2, 4, 4, 0, 2, 2, 3, 1, 3, 2, 4, 1, 0, 3, 2, 3, 2, 1, 0, 4]
 ptime sequence: [77, 54, 21, 69, 39, 21, 52, 77, 17, 83, 38, 60, 41, 79, 34, 43, 55, 49, 43, 77, 87, 75, 79, 53, 25, 92, 44, 64, 98, 79, 87, 16, 95, 93, 66, 26, 24, 42, 62, 98, 83, 19, 96, 77, 31, 55, 34, 71, 12, 37]
 Cmax: 711
