Genetic Algorithm Specifications
------------------------
N = 350, T = 450, pc = 0.8, pm = 0.05, pswap = 0.05, pinv = 0.05
Processing time = 40.399943590164185
best Cmax = 712
random generated numbers:[7.63, 30.29, 5.97, 43.96, 33.12, 2.55, 11.86, 5.81, 49.47, 30.32, 35.65, 41.25, 44.39, 19.01, 13.85, 33.6, 16.43, 37.37, 4.12, 10.25, 36.24, 35.32, 4.13, 0.08, 36.82, 33.22, 24.8, 28.72, 20.73, 38.66, 8.16, 11.2, 38.3, 28.37, 36.47, 45.77, 33.66, 19.09, 40.46, 5.2, 1.4, 37.61, 18.44, 7.4, 20.62, 33.54, 44.68, 0.74, 12.42, 35.33]
ranked list : [10, 26, 8, 45, 28, 3, 14, 7, 49, 27, 35, 44, 46, 19, 16, 31, 17, 39, 4, 12, 36, 33, 5, 0, 38, 29, 23, 25, 22, 42, 11, 13, 41, 24, 37, 48, 32, 20, 43, 6, 2, 40, 18, 9, 21, 30, 47, 1, 15, 34]
 operation_index :[0, 6, 8, 5, 8, 3, 4, 7, 9, 7, 5, 4, 6, 9, 6, 1, 7, 9, 4, 2, 6, 3, 5, 0, 8, 9, 3, 5, 2, 2, 1, 3, 1, 4, 7, 8, 2, 0, 3, 6, 2, 0, 8, 9, 1, 0, 7, 1, 5, 4]
machine sequence: [1, 3, 3, 1, 1, 1, 0, 2, 4, 0, 2, 3, 4, 3, 1, 0, 1, 2, 2, 3, 2, 0, 4, 0, 4, 1, 4, 0, 4, 1, 3, 2, 4, 1, 3, 0, 2, 4, 3, 0, 0, 3, 2, 0, 2, 2, 4, 1, 3, 4]
 ptime sequence: [21, 69, 17, 54, 49, 77, 83, 38, 77, 60, 43, 34, 77, 79, 87, 21, 41, 43, 64, 39, 87, 55, 79, 53, 25, 75, 79, 92, 98, 42, 52, 66, 16, 19, 24, 44, 31, 95, 77, 93, 12, 55, 98, 96, 26, 34, 83, 71, 62, 37]
 Cmax: 712
