Genetic Algorithm Specifications
------------------------
N = 350, T = 450, pc = 0.8, pm = 0.05, pswap = 0.05, pinv = 0.05
Processing time = 38.822086572647095
best Cmax = 669
random generated numbers:[18.63, 39.78, 49.87, 23.33, 6.53, 25.77, 38.86, 9.09, 29.72, 2.79, 41.9, 10.05, 0.83, 29.45, 37.12, 0.77, 9.53, 49.22, 49.92, 41.63, 20.67, 7.76, 41.67, 1.09, 33.71, 27.48, 44.84, 27.42, 30.51, 23.54, 11.02, 15.75, 16.93, 49.46, 23.97, 41.0, 32.87, 26.17, 31.21, 0.4, 40.62, 15.36, 13.7, 39.92, 0.73, 45.07, 41.85, 0.55, 31.18, 24.77]
ranked list : [17, 36, 48, 19, 7, 23, 35, 9, 28, 6, 43, 11, 4, 27, 34, 3, 10, 46, 49, 40, 18, 8, 41, 5, 33, 26, 44, 25, 29, 20, 12, 15, 16, 47, 21, 39, 32, 24, 31, 0, 38, 14, 13, 37, 2, 45, 42, 1, 30, 22]
 operation_index :[7, 6, 8, 9, 7, 3, 5, 9, 8, 6, 3, 1, 4, 7, 4, 3, 0, 6, 9, 0, 8, 8, 1, 5, 3, 6, 4, 5, 9, 0, 2, 5, 6, 7, 1, 9, 2, 4, 1, 0, 8, 4, 3, 7, 2, 5, 2, 1, 0, 2]
machine sequence: [2, 3, 3, 4, 0, 1, 1, 3, 1, 4, 0, 0, 0, 1, 3, 4, 1, 1, 2, 0, 4, 0, 3, 2, 2, 2, 2, 4, 1, 4, 3, 0, 0, 3, 4, 0, 4, 1, 2, 3, 2, 4, 3, 4, 1, 3, 2, 1, 2, 0]
 ptime sequence: [38, 69, 17, 77, 60, 77, 54, 79, 49, 77, 55, 21, 83, 41, 34, 79, 21, 87, 43, 53, 25, 44, 52, 43, 66, 87, 64, 79, 75, 95, 39, 92, 93, 24, 16, 96, 98, 19, 26, 55, 98, 37, 77, 83, 42, 62, 31, 71, 34, 12]
 Cmax: 669
