Genetic Algorithm Specifications
------------------------
N = 350, T = 450, pc = 0.8, pm = 0.05, pswap = 0.05, pinv = 0.05
Processing time = 30.583699703216553
best Cmax = 687
random generated numbers:[4.59, 3.63, 16.6, 6.47, 27.24, 20.62, 39.2, 9.52, 7.06, 9.53, 32.45, 44.76, 33.22, 40.4, 7.81, 38.29, 40.2, 42.79, 23.44, 29.87, 37.56, 42.19, 6.01, 49.0, 42.11, 25.35, 5.07, 48.22, 6.45, 43.62, 5.21, 12.54, 18.23, 30.18, 1.24, 48.16, 20.7, 2.36, 36.92, 3.83, 29.03, 26.02, 21.6, 25.67, 39.28, 47.88, 31.41, 19.07, 21.88, 33.67]
ranked list : [4, 2, 15, 9, 26, 18, 37, 12, 10, 13, 31, 45, 32, 40, 11, 36, 39, 43, 22, 28, 35, 42, 7, 49, 41, 23, 5, 48, 8, 44, 6, 14, 16, 29, 0, 47, 19, 1, 34, 3, 27, 25, 20, 24, 38, 46, 30, 17, 21, 33]
 operation_index :[4, 2, 5, 9, 6, 8, 7, 2, 0, 3, 1, 5, 2, 0, 1, 6, 9, 3, 2, 8, 5, 2, 7, 9, 1, 3, 5, 8, 8, 4, 6, 4, 6, 9, 0, 7, 9, 1, 4, 3, 7, 5, 0, 4, 8, 6, 0, 7, 1, 3]
machine sequence: [0, 3, 1, 4, 3, 3, 2, 4, 1, 1, 0, 2, 1, 0, 3, 4, 3, 0, 2, 1, 4, 0, 0, 2, 4, 4, 0, 4, 0, 3, 1, 2, 2, 1, 4, 1, 0, 2, 1, 2, 3, 3, 3, 4, 2, 0, 2, 4, 1, 3]
 ptime sequence: [83, 39, 54, 77, 69, 17, 38, 98, 21, 77, 21, 43, 42, 53, 52, 77, 79, 55, 31, 49, 79, 12, 60, 43, 16, 79, 92, 25, 44, 34, 87, 64, 87, 75, 95, 41, 96, 26, 19, 66, 24, 62, 55, 37, 98, 93, 34, 83, 71, 77]
 Cmax: 687
