Genetic Algorithm Specifications
------------------------
N = 350, T = 450, pc = 0.8, pm = 0.05, pswap = 0.05, pinv = 0.05
Processing time = 29.938000679016113
best Cmax = 714
random generated numbers:[4.42, 27.22, 33.75, 16.09, 18.71, 20.12, 24.65, 20.61, 21.05, 46.34, 6.22, 14.26, 13.4, 15.02, 19.16, 14.43, 25.74, 2.87, 16.85, 6.07, 0.54, 0.71, 48.63, 19.63, 38.02, 40.74, 10.36, 11.99, 4.67, 29.35, 30.55, 10.17, 20.86, 8.08, 43.9, 22.48, 28.37, 39.73, 35.07, 14.13, 30.76, 12.03, 49.69, 7.53, 35.18, 42.25, 27.56, 13.36, 20.79, 4.39]
ranked list : [4, 33, 39, 20, 22, 25, 31, 26, 29, 47, 7, 17, 15, 19, 23, 18, 32, 2, 21, 6, 0, 1, 48, 24, 42, 44, 11, 12, 5, 36, 37, 10, 28, 9, 46, 30, 35, 43, 40, 16, 38, 13, 49, 8, 41, 45, 34, 14, 27, 3]
 operation_index :[4, 3, 9, 0, 2, 5, 1, 6, 9, 7, 7, 7, 5, 9, 3, 8, 2, 2, 1, 6, 0, 1, 8, 4, 2, 4, 1, 2, 5, 6, 7, 0, 8, 9, 6, 0, 5, 3, 0, 6, 8, 3, 9, 8, 1, 5, 4, 4, 7, 3]
machine sequence: [0, 1, 4, 1, 3, 1, 0, 3, 3, 2, 0, 1, 2, 2, 0, 3, 4, 1, 3, 4, 0, 4, 1, 3, 2, 2, 2, 0, 4, 1, 3, 4, 4, 1, 2, 3, 0, 4, 2, 0, 0, 2, 0, 2, 1, 3, 1, 4, 4, 3]
 ptime sequence: [83, 77, 77, 21, 39, 54, 21, 69, 79, 38, 60, 41, 43, 43, 55, 17, 98, 42, 52, 77, 53, 16, 49, 34, 31, 64, 26, 12, 79, 87, 24, 95, 25, 75, 87, 55, 92, 79, 34, 93, 44, 66, 96, 98, 71, 62, 19, 37, 83, 77]
 Cmax: 714
