Genetic Algorithm Specifications
------------------------
N = 350, T = 450, pc = 0.8, pm = 0.05, pswap = 0.05, pinv = 0.05
Processing time = 36.92543363571167
best Cmax = 697
random generated numbers:[25.02, 28.86, 7.02, 25.15, 32.31, 40.86, 24.77, 37.5, 21.44, 32.98, 22.07, 2.94, 19.36, 15.53, 8.21, 37.58, 31.71, 24.9, 7.52, 45.14, 10.27, 0.42, 12.01, 23.26, 5.83, 48.11, 49.62, 30.05, 1.67, 20.69, 1.37, 32.69, 25.94, 14.48, 16.53, 36.33, 9.33, 48.53, 34.07, 23.24, 38.65, 12.11, 46.19, 4.73, 49.65, 46.46, 18.1, 43.75, 21.63, 30.51]
ranked list : [26, 29, 6, 27, 33, 41, 24, 38, 19, 35, 21, 3, 17, 14, 8, 39, 32, 25, 7, 43, 10, 0, 11, 23, 5, 46, 48, 30, 2, 18, 1, 34, 28, 13, 15, 37, 9, 47, 36, 22, 40, 12, 44, 4, 49, 45, 16, 42, 20, 31]
 operation_index :[6, 9, 6, 7, 3, 1, 4, 8, 9, 5, 1, 3, 7, 4, 8, 9, 2, 5, 7, 3, 0, 0, 1, 3, 5, 6, 8, 0, 2, 8, 1, 4, 8, 3, 5, 7, 9, 7, 6, 2, 0, 2, 4, 4, 9, 5, 6, 2, 0, 1]
machine sequence: [3, 4, 4, 2, 1, 0, 0, 3, 3, 1, 3, 0, 0, 3, 1, 2, 3, 2, 1, 4, 1, 0, 4, 2, 4, 1, 4, 4, 4, 0, 2, 2, 2, 3, 0, 3, 1, 4, 2, 1, 3, 2, 1, 4, 0, 3, 0, 0, 2, 1]
 ptime sequence: [69, 77, 77, 38, 77, 21, 83, 17, 79, 54, 52, 55, 60, 34, 49, 43, 39, 43, 41, 79, 21, 53, 16, 66, 79, 87, 25, 95, 98, 44, 26, 64, 98, 77, 92, 24, 75, 83, 87, 42, 55, 31, 19, 37, 96, 62, 93, 12, 34, 71]
 Cmax: 697
