Genetic Algorithm Specifications
------------------------
N = 350, T = 450, pc = 0.8, pm = 0.05, pswap = 0.05, pinv = 0.05
Processing time = 31.23463773727417
best Cmax = 593
random generated numbers:[2.9, 8.75, 5.83, 33.71, 3.15, 7.87, 36.21, 45.87, 32.57, 48.32, 36.85, 19.51, 0.83, 47.59, 30.72, 23.04, 30.09, 10.77, 30.97, 14.88, 21.58, 21.87, 27.2, 21.96, 38.17, 35.37, 22, 26, 23, 21, 37, 40, 35, 31.15, 34, 32, 38, 31, 33, 36, 49, 47, 50, 45, 44, 48, 42, 43, 41, 46]
ranked list : [1, 5, 3, 26, 2, 4, 31, 42, 24, 47, 32, 8, 0, 45, 19, 15, 18, 6, 20, 7, 10, 11, 17, 12, 35, 29, 13, 16, 14, 9, 33, 36, 28, 22, 27, 23, 34, 21, 25, 30, 48, 44, 49, 41, 40, 46, 38, 39, 37, 43]
 operation_index :[1, 5, 3, 6, 2, 4, 1, 2, 4, 7, 2, 8, 0, 5, 9, 5, 8, 6, 0, 7, 0, 1, 7, 2, 5, 9, 3, 6, 4, 9, 3, 6, 8, 2, 7, 3, 4, 1, 5, 0, 8, 4, 9, 1, 0, 6, 8, 9, 7, 3]
machine sequence: [4, 3, 0, 0, 1, 4, 3, 3, 2, 4, 2, 2, 1, 0, 2, 4, 3, 3, 0, 2, 4, 0, 3, 0, 1, 3, 3, 1, 3, 0, 4, 4, 1, 4, 1, 1, 1, 2, 2, 2, 0, 0, 4, 1, 3, 2, 4, 1, 0, 2]
 ptime sequence: [5, 28, 59, 53, 46, 23, 35, 20, 73, 12, 21, 49, 72, 45, 65, 5, 83, 71, 87, 87, 95, 48, 33, 97, 78, 17, 19, 37, 25, 90, 46, 29, 40, 55, 55, 34, 24, 39, 83, 66, 48, 28, 27, 54, 60, 12, 7, 23, 38, 37]
 Cmax: 593
