Genetic Algorithm Specifications
------------------------
N = 350, T = 450, pc = 0.8, pm = 0.05, pswap = 0.05, pinv = 0.05
Processing time = 33.0650532245636
best Cmax = 593
random generated numbers:[0.73, 33.94, 21.48, 34.94, 21.43, 26.04, 27.86, 48.28, 8.81, 49.51, 25.39, 8.53, 38.82, 17.66, 8.05, 17.8, 26.79, 16.74, 27.04, 10.21, 29.35, 35.76, 42.98, 19.61, 37.48, 48.81, 4.82, 13.88, 20.96, 33.84, 24.19, 23.54, 40.45, 48.89, 8.77, 19.03, 38.59, 2.07, 48.75, 14.19, 14.85, 11.83, 43.86, 26.39, 24.27, 12.02, 42.82, 11.23, 17.94, 33.67]
ranked list : [0, 35, 22, 36, 21, 27, 31, 45, 6, 49, 26, 4, 40, 15, 3, 16, 29, 14, 30, 7, 32, 37, 43, 19, 38, 47, 2, 11, 20, 34, 24, 23, 41, 48, 5, 18, 39, 1, 46, 12, 13, 9, 44, 28, 25, 10, 42, 8, 17, 33]
 operation_index :[0, 5, 2, 6, 1, 7, 1, 5, 6, 9, 6, 4, 0, 5, 3, 6, 9, 4, 0, 7, 2, 7, 3, 9, 8, 7, 2, 1, 0, 4, 4, 3, 1, 8, 5, 8, 9, 1, 6, 2, 3, 9, 4, 8, 5, 0, 2, 8, 7, 3]
machine sequence: [1, 3, 1, 0, 4, 4, 3, 0, 3, 2, 1, 4, 0, 4, 0, 4, 3, 2, 4, 2, 3, 3, 3, 0, 2, 1, 2, 0, 2, 3, 1, 4, 2, 3, 1, 1, 4, 1, 2, 0, 1, 1, 0, 0, 2, 3, 4, 4, 0, 2]
 ptime sequence: [72, 28, 46, 53, 5, 12, 35, 45, 71, 65, 37, 23, 87, 5, 59, 29, 17, 73, 95, 87, 20, 33, 19, 90, 49, 55, 21, 48, 66, 25, 24, 46, 39, 83, 78, 40, 27, 54, 12, 97, 34, 23, 28, 48, 83, 60, 55, 7, 38, 37]
 Cmax: 593
