Genetic Algorithm Specifications
------------------------
N = 350, T = 450, pc = 0.8, pm = 0.05, pswap = 0.05, pinv = 0.05
Processing time = 32.21468162536621
best Cmax = 593
random generated numbers:[43.51, 25.57, 5.6, 10.63, 29.3, 0.37, 6.37, 40.45, 9.11, 13.13, 41.54, 3.48, 10.9, 0.06, 47.81, 38.4, 23.53, 28.34, 1.8, 14.97, 13.52, 33.56, 12.68, 13.58, 46.51, 21.28, 30.83, 0.42, 11.37, 2.34, 15.47, 38.97, 34.38, 19.74, 21.77, 16.05, 16.32, 16.29, 31.86, 42.69, 5.07, 8.14, 9.15, 19.6, 24.69, 44.11, 23.8, 29.14, 45.34, 35.16]
ranked list : [45, 31, 7, 12, 34, 1, 8, 42, 10, 16, 43, 5, 13, 0, 49, 41, 28, 32, 3, 19, 17, 38, 15, 18, 48, 26, 35, 2, 14, 4, 20, 37, 39, 25, 27, 21, 23, 22, 36, 44, 6, 9, 11, 24, 30, 46, 29, 33, 47, 40]
 operation_index :[5, 1, 7, 2, 4, 1, 8, 2, 0, 6, 3, 5, 3, 0, 9, 1, 8, 2, 3, 9, 7, 8, 5, 8, 8, 6, 5, 2, 4, 4, 0, 7, 9, 5, 7, 1, 3, 2, 6, 4, 6, 9, 1, 4, 0, 6, 9, 3, 7, 0]
machine sequence: [3, 4, 4, 1, 4, 3, 2, 3, 1, 0, 0, 0, 3, 0, 2, 0, 3, 2, 4, 3, 2, 1, 4, 0, 4, 3, 1, 0, 2, 3, 4, 3, 0, 2, 1, 2, 1, 4, 1, 1, 4, 4, 1, 0, 2, 2, 1, 2, 0, 3]
 ptime sequence: [28, 5, 12, 46, 23, 35, 49, 20, 72, 53, 59, 45, 19, 87, 65, 48, 83, 21, 46, 17, 87, 40, 5, 48, 7, 71, 78, 97, 73, 25, 95, 33, 90, 83, 55, 39, 34, 55, 37, 24, 29, 27, 54, 28, 66, 12, 23, 37, 38, 60]
 Cmax: 593
