Genetic Algorithm Specifications
------------------------
N = 350, T = 450, pc = 0.8, pm = 0.05, pswap = 0.05, pinv = 0.05
Processing time = 30.85427737236023
best Cmax = 593
random generated numbers:[9.82, 15.1, 6.08, 32.62, 30.27, 15.26, 10.47, 48.53, 38.62, 10.74, 13.51, 12.21, 28.53, 22.62, 9.6, 10.57, 2.53, 4.54, 20.46, 14.26, 30.96, 34.44, 41.09, 0.42, 28.44, 25.51, 38.49, 43.18, 12.35, 30.28, 47.5, 32.15, 8.04, 36.73, 34.34, 45.03, 35.17, 1.56, 11.84, 5.24, 19.56, 33.39, 8.28, 17.22, 47.55, 5.1, 34.54, 17.95, 2.13, 3.49]
ranked list : [12, 21, 8, 35, 31, 22, 13, 49, 43, 15, 19, 17, 30, 27, 11, 14, 3, 5, 26, 20, 33, 38, 44, 0, 29, 28, 42, 45, 18, 32, 47, 34, 9, 41, 37, 46, 40, 1, 16, 7, 25, 36, 10, 23, 48, 6, 39, 24, 2, 4]
 operation_index :[2, 1, 8, 5, 1, 2, 3, 9, 3, 5, 9, 7, 0, 7, 1, 4, 3, 5, 6, 0, 3, 8, 4, 0, 9, 8, 2, 5, 8, 2, 7, 4, 9, 1, 7, 6, 0, 1, 6, 7, 5, 6, 0, 3, 8, 6, 9, 4, 2, 4]
machine sequence: [1, 4, 2, 3, 3, 3, 0, 2, 3, 0, 3, 4, 1, 2, 0, 4, 4, 4, 0, 0, 1, 3, 2, 4, 0, 1, 2, 1, 0, 0, 3, 3, 4, 2, 1, 3, 2, 1, 1, 0, 2, 4, 3, 2, 4, 2, 1, 1, 4, 0]
 ptime sequence: [46, 5, 49, 28, 35, 20, 59, 65, 19, 45, 17, 12, 72, 87, 48, 23, 46, 5, 53, 87, 34, 83, 73, 95, 90, 40, 21, 78, 48, 97, 33, 25, 27, 39, 55, 71, 66, 54, 37, 38, 83, 29, 60, 37, 7, 12, 23, 24, 55, 28]
 Cmax: 593
