Genetic Algorithm Specifications
------------------------
N = 350, T = 450, pc = 0.8, pm = 0.05, pswap = 0.05, pinv = 0.05
Processing time = 33.4793221950531
best Cmax = 593
random generated numbers:[29.88, 3.29, 22.98, 5.51, 21.67, 47.65, 40.35, 2.54, 1.73, 2.82, 47.67, 26.15, 47.62, 11.91, 28.05, 17.41, 18.45, 3.59, 29.59, 31.3, 19.47, 6.85, 13.64, 47.74, 10.93, 45.13, 40.67, 17.81, 11.82, 48.52, 9.43, 29.54, 38.54, 21.48, 22.35, 24.77, 21.39, 34.67, 10.71, 44.34, 12.46, 36.0, 39.73, 8.64, 20.31, 27.67, 35.01, 45.16, 44.46, 19.72]
ranked list : [32, 3, 25, 5, 23, 46, 39, 1, 0, 2, 47, 27, 45, 12, 29, 15, 17, 4, 31, 33, 18, 6, 14, 48, 10, 43, 40, 16, 11, 49, 8, 30, 37, 22, 24, 26, 21, 34, 9, 41, 13, 36, 38, 7, 20, 28, 35, 44, 42, 19]
 operation_index :[2, 3, 5, 5, 3, 6, 9, 1, 0, 2, 7, 7, 5, 2, 9, 5, 7, 4, 1, 3, 8, 6, 4, 8, 0, 3, 0, 6, 1, 9, 8, 0, 7, 2, 4, 6, 1, 4, 9, 1, 3, 6, 8, 7, 0, 8, 5, 4, 2, 9]
machine sequence: [1, 0, 3, 0, 3, 0, 2, 4, 1, 3, 4, 2, 4, 2, 3, 1, 3, 4, 3, 4, 2, 3, 2, 3, 0, 1, 4, 1, 0, 0, 1, 2, 1, 0, 3, 4, 2, 1, 4, 1, 2, 2, 0, 0, 3, 4, 2, 0, 4, 1]
 ptime sequence: [46, 59, 28, 45, 19, 53, 65, 5, 72, 20, 12, 87, 5, 21, 17, 78, 33, 23, 35, 46, 49, 71, 73, 83, 87, 34, 95, 37, 48, 90, 40, 66, 55, 97, 25, 29, 39, 24, 27, 54, 37, 12, 48, 38, 60, 7, 83, 28, 55, 23]
 Cmax: 593
