Genetic Algorithm Specifications
------------------------
N = 350, T = 450, pc = 0.8, pm = 0.05, pswap = 0.05, pinv = 0.05
Processing time = 29.84526038169861
best Cmax = 593
random generated numbers:[37.14, 22.29, 0.09, 6.06, 23.97, 35.89, 15.26, 19.61, 12.55, 26.35, 5.76, 28.9, 14.2, 41.08, 8.44, 25.4, 9.8, 23.6, 21.2, 23.73, 25.64, 34.08, 32.01, 7.44, 10.48, 9.61, 6.33, 31.41, 38.71, 38.83, 35.0, 9.75, 28.89, 48.14, 39.26, 5.42, 30.33, 19.15, 20.88, 37.22, 25.74, 19.57, 4.4, 29.49, 36.49, 30.98, 19.91, 15.11, 27.07, 31.03]
ranked list : [43, 22, 0, 4, 25, 41, 15, 18, 12, 29, 3, 32, 13, 48, 7, 26, 10, 23, 21, 24, 27, 39, 38, 6, 11, 8, 5, 37, 45, 46, 40, 9, 31, 49, 47, 2, 34, 16, 20, 44, 28, 17, 1, 33, 42, 35, 19, 14, 30, 36]
 operation_index :[3, 2, 0, 4, 5, 1, 5, 8, 2, 9, 3, 2, 3, 8, 7, 6, 0, 3, 1, 4, 7, 9, 8, 6, 1, 8, 5, 7, 5, 6, 0, 9, 1, 9, 7, 2, 4, 6, 0, 4, 8, 7, 1, 3, 2, 5, 9, 4, 0, 6]
machine sequence: [0, 1, 1, 4, 3, 4, 0, 2, 3, 2, 3, 2, 4, 3, 4, 0, 0, 1, 3, 2, 2, 3, 1, 3, 0, 0, 4, 3, 1, 1, 4, 0, 2, 4, 1, 0, 3, 4, 2, 1, 4, 0, 1, 2, 4, 2, 1, 0, 3, 2]
 ptime sequence: [59, 46, 72, 23, 28, 5, 45, 49, 20, 65, 19, 21, 46, 83, 12, 53, 87, 34, 35, 73, 87, 17, 40, 71, 48, 48, 5, 33, 78, 37, 95, 90, 39, 27, 55, 97, 25, 29, 66, 24, 7, 38, 54, 37, 55, 83, 23, 28, 60, 12]
 Cmax: 593
