Genetic Algorithm Specifications
------------------------
N = 350, T = 450, pc = 0.8, pm = 0.05, pswap = 0.05, pinv = 0.05
Processing time = 34.332218647003174
best Cmax = 593
random generated numbers:[6.85, 49.33, 38.84, 13.15, 26.84, 24.59, 49.2, 34.52, 34.81, 43.23, 46.69, 4.45, 35.89, 10.26, 31.5, 21.6, 28.06, 3.98, 24.64, 33.29, 41.77, 43.36, 1.96, 13.96, 37.54, 34.12, 13.2, 28.75, 43.83, 10.41, 11.2, 42.37, 37.05, 48.19, 22.08, 1.22, 14.51, 1.24, 25.19, 0.66, 0.05, 26.71, 49.68, 12.55, 4.9, 21.81, 31.67, 46.72, 37.1, 4.09]
ranked list : [11, 19, 45, 16, 6, 23, 9, 43, 30, 28, 12, 44, 47, 25, 31, 20, 26, 7, 39, 42, 36, 37, 5, 35, 40, 46, 22, 3, 18, 4, 41, 2, 0, 38, 27, 17, 29, 33, 1, 14, 13, 24, 49, 15, 10, 21, 48, 32, 34, 8]
 operation_index :[1, 9, 5, 6, 6, 3, 9, 3, 0, 8, 2, 4, 7, 5, 1, 0, 6, 7, 9, 2, 6, 7, 5, 5, 0, 6, 2, 3, 8, 4, 1, 2, 0, 8, 7, 7, 9, 3, 1, 4, 3, 4, 9, 5, 0, 1, 8, 2, 4, 8]
machine sequence: [4, 2, 3, 0, 3, 0, 3, 3, 1, 2, 1, 4, 4, 0, 3, 0, 1, 2, 0, 3, 4, 3, 4, 1, 4, 2, 2, 4, 3, 2, 0, 0, 2, 1, 1, 0, 4, 1, 2, 3, 2, 1, 1, 2, 3, 1, 0, 4, 0, 4]
 ptime sequence: [5, 65, 28, 53, 71, 59, 17, 19, 72, 49, 46, 23, 12, 45, 35, 87, 37, 87, 90, 20, 29, 33, 5, 78, 95, 12, 21, 46, 83, 73, 48, 97, 66, 40, 55, 38, 27, 34, 39, 25, 37, 24, 23, 83, 60, 54, 48, 55, 28, 7]
 Cmax: 593
