Genetic Algorithm Specifications
------------------------
N = 350, T = 450, pc = 0.8, pm = 0.05, pswap = 0.05, pinv = 0.05
Processing time = 35.29674983024597
best Cmax = 593
random generated numbers:[17.95, 47.29, 2.51, 29.47, 41.67, 26.29, 0.62, 27.71, 2.05, 0.53, 1.76, 9.59, 32.95, 29.68, 29.14, 35.0, 3.55, 9.76, 33.53, 36.83, 44.77, 33.13, 7.64, 18.45, 10.33, 19.64, 23.39, 45.33, 4.77, 11.55, 43.49, 41.08, 7.45, 40.3, 16.84, 20.26, 49.27, 6.83, 16.15, 34.47, 26.98, 28.83, 3.78, 32.43, 39.87, 18.54, 36.47, 49.6, 2.29, 34.1]
ranked list : [19, 47, 5, 30, 43, 25, 1, 27, 3, 0, 2, 13, 33, 31, 29, 37, 6, 14, 12, 39, 45, 34, 11, 20, 15, 22, 24, 46, 8, 16, 44, 42, 10, 41, 18, 23, 48, 9, 17, 36, 26, 28, 7, 32, 40, 21, 38, 49, 4, 35]
 operation_index :[9, 7, 5, 0, 3, 5, 1, 7, 3, 0, 2, 3, 3, 1, 9, 7, 6, 4, 2, 9, 5, 4, 1, 0, 5, 2, 4, 6, 8, 6, 4, 2, 0, 1, 8, 3, 8, 9, 7, 6, 6, 8, 7, 2, 0, 1, 8, 9, 4, 5]
machine sequence: [2, 4, 3, 1, 0, 0, 4, 2, 3, 0, 1, 4, 1, 3, 3, 3, 0, 4, 3, 0, 4, 2, 0, 4, 1, 2, 3, 3, 2, 1, 1, 0, 2, 2, 3, 2, 1, 4, 1, 4, 2, 0, 0, 4, 3, 1, 4, 1, 0, 2]
 ptime sequence: [65, 12, 28, 72, 59, 45, 5, 87, 19, 87, 46, 46, 34, 35, 17, 33, 53, 23, 20, 90, 5, 73, 48, 95, 78, 21, 25, 71, 49, 37, 24, 97, 66, 39, 83, 37, 40, 27, 55, 29, 12, 48, 38, 55, 60, 54, 7, 23, 28, 83]
 Cmax: 593
