Genetic Algorithm Specifications
------------------------
N = 350, T = 450, pc = 0.8, pm = 0.05, pswap = 0.05, pinv = 0.05
Processing time = 34.47398042678833
best Cmax = 593
random generated numbers:[21.07, 35.64, 6.16, 49.81, 5.6, 35.25, 26.35, 23.95, 5.53, 7.72, 15.82, 36.67, 7.34, 6.91, 49.9, 46.52, 34.85, 14.88, 16.04, 48.45, 40.88, 46.19, 9.07, 18.38, 6.31, 39.68, 49.91, 3.72, 47.74, 49.94, 37.03, 5.63, 19.83, 35.67, 6.86, 27.05, 11.6, 43.56, 2.66, 17.42, 34.86, 39.94, 27.5, 11.79, 17.09, 44.8, 30.15, 27.25, 22.37, 29.69]
ranked list : [21, 33, 5, 46, 3, 32, 24, 23, 2, 10, 15, 35, 9, 8, 47, 43, 30, 14, 16, 45, 39, 42, 11, 19, 7, 34, 20, 4, 36, 49, 44, 1, 48, 37, 6, 25, 12, 40, 0, 18, 31, 38, 27, 13, 17, 41, 29, 26, 22, 28]
 operation_index :[1, 3, 5, 6, 3, 2, 4, 3, 2, 0, 5, 5, 9, 8, 7, 3, 0, 4, 6, 5, 9, 2, 1, 9, 7, 4, 0, 4, 6, 9, 4, 1, 8, 7, 6, 5, 2, 0, 0, 8, 1, 8, 7, 3, 7, 1, 9, 6, 2, 8]
machine sequence: [4, 0, 3, 0, 3, 1, 4, 4, 3, 1, 0, 4, 2, 2, 4, 1, 0, 2, 3, 1, 3, 2, 3, 0, 2, 3, 4, 1, 1, 4, 0, 0, 3, 3, 4, 2, 0, 2, 3, 1, 2, 0, 1, 2, 0, 1, 1, 2, 4, 4]
 ptime sequence: [5, 59, 28, 53, 19, 46, 23, 46, 20, 72, 45, 5, 65, 49, 12, 34, 87, 73, 71, 78, 17, 21, 35, 90, 87, 25, 95, 24, 37, 27, 28, 48, 83, 33, 29, 83, 97, 66, 60, 40, 39, 48, 55, 37, 38, 54, 23, 12, 55, 7]
 Cmax: 593
