Genetic Algorithm Specifications
------------------------
N = 350, T = 450, pc = 0.8, pm = 0.05, pswap = 0.05, pinv = 0.05
Processing time = 32.97279953956604
best Cmax = 593
random generated numbers:[14.32, 8.7, 33.29, 26.01, 28.67, 1.71, 46.52, 35.84, 21.71, 16.0, 2.97, 13.88, 33.95, 40.18, 33.68, 20.06, 36.59, 9.45, 31.86, 15.59, 25.77, 18.88, 26.04, 30.43, 25.9, 30.27, 34.37, 8.39, 23.56, 44.79, 17.98, 8.88, 35.09, 45.85, 44.38, 40.21, 49.34, 1.46, 34.04, 9.06, 49.54, 4.33, 33.14, 26.14, 4.09, 21.12, 1.94, 14.33, 12.09, 34.0]
ranked list : [13, 7, 33, 25, 28, 1, 47, 40, 21, 16, 3, 12, 35, 42, 34, 19, 41, 10, 31, 15, 23, 18, 26, 30, 24, 29, 38, 6, 22, 45, 17, 8, 39, 46, 44, 43, 48, 0, 37, 9, 49, 5, 32, 27, 4, 20, 2, 14, 11, 36]
 operation_index :[3, 7, 3, 5, 8, 1, 7, 0, 1, 6, 3, 2, 5, 2, 4, 9, 1, 0, 1, 5, 3, 8, 6, 0, 4, 9, 8, 6, 2, 5, 7, 8, 9, 6, 4, 3, 8, 0, 7, 9, 9, 5, 2, 7, 4, 0, 2, 4, 1, 6]
machine sequence: [0, 4, 3, 3, 2, 4, 2, 1, 3, 0, 4, 1, 0, 3, 4, 2, 0, 0, 2, 4, 1, 3, 3, 4, 2, 3, 1, 1, 2, 1, 3, 0, 0, 4, 3, 2, 4, 2, 1, 4, 1, 2, 0, 0, 1, 3, 4, 0, 1, 2]
 ptime sequence: [59, 12, 19, 28, 49, 5, 87, 72, 35, 53, 46, 46, 45, 20, 23, 65, 48, 87, 39, 5, 34, 83, 71, 95, 73, 17, 40, 37, 21, 78, 33, 48, 90, 29, 25, 37, 7, 66, 55, 27, 23, 83, 97, 38, 24, 60, 55, 28, 54, 12]
 Cmax: 593
