Genetic Algorithm Specifications
------------------------
N = 350, T = 450, pc = 0.8, pm = 0.05, pswap = 0.05, pinv = 0.05
Processing time = 34.54489302635193
best Cmax = 662
random generated numbers:[21.09, 14.86, 41.18, 9.34, 1.23, 24.04, 44.24, 36.87, 37.31, 1.4, 15.53, 21.18, 6.68, 30.93, 3.32, 18.39, 8.25, 47.89, 29.16, 4.48, 16.7, 46.58, 12.53, 46.3, 26.62, 26.99, 19.54, 20.25, 9.17, 11.56, 7.95, 8.18, 21.73, 2.84, 33.31, 33.2, 31.59, 32.51, 7.56, 5.42, 12.03, 41.07, 45.29, 46.8, 43.39, 13.07, 24.27, 6.35, 11.59, 5.04]
ranked list : [26, 20, 42, 14, 0, 29, 44, 39, 40, 1, 21, 27, 8, 34, 3, 23, 12, 49, 33, 4, 22, 47, 18, 46, 31, 32, 24, 25, 13, 15, 10, 11, 28, 2, 38, 37, 35, 36, 9, 6, 17, 41, 45, 48, 43, 19, 30, 7, 16, 5]
 operation_index :[6, 0, 2, 4, 0, 9, 4, 9, 0, 1, 1, 7, 8, 4, 3, 3, 2, 9, 3, 4, 2, 7, 8, 6, 1, 2, 4, 5, 3, 5, 0, 1, 8, 2, 8, 7, 5, 6, 9, 6, 7, 1, 5, 8, 3, 9, 0, 7, 6, 5]
machine sequence: [3, 1, 2, 4, 2, 4, 0, 1, 0, 2, 1, 4, 4, 1, 4, 0, 3, 0, 2, 3, 4, 1, 0, 2, 0, 0, 2, 4, 1, 0, 4, 4, 3, 1, 2, 0, 1, 0, 2, 4, 2, 3, 2, 1, 3, 3, 3, 3, 1, 3]
 ptime sequence: [33, 23, 38, 57, 45, 40, 81, 83, 82, 21, 29, 24, 56, 61, 37, 54, 54, 19, 74, 68, 16, 84, 7, 20, 18, 52, 30, 81, 62, 79, 84, 41, 54, 52, 64, 32, 89, 91, 8, 20, 55, 50, 89, 39, 57, 7, 38, 8, 66, 11]
 Cmax: 662
