Genetic Algorithm Specifications
------------------------
N = 350, T = 450, pc = 0.8, pm = 0.05, pswap = 0.05, pinv = 0.05
Processing time = 32.746219635009766
best Cmax = 686
random generated numbers:[17.89, 14.52, 20.65, 32.11, 19.44, 16.91, 18.98, 26.89, 20.22, 38.27, 14.43, 35.49, 10.95, 11.54, 47.69, 9.14, 1.5, 31.37, 40.81, 21.35, 23.91, 15.56, 32.13, 40.51, 10.38, 1.66, 11.89, 44.97, 45.18, 39.34, 40.83, 36.52, 5.17, 0.49, 34.35, 0.1, 16.23, 20.99, 5.52, 31.69, 0.22, 41.52, 4.52, 25.69, 31.16, 32.39, 22.2, 8.34, 32.63, 1.93]
ranked list : [20, 16, 24, 34, 22, 19, 21, 30, 23, 41, 15, 39, 12, 13, 49, 10, 3, 32, 44, 26, 28, 17, 35, 43, 11, 4, 14, 47, 48, 42, 45, 40, 7, 2, 38, 0, 18, 25, 8, 33, 1, 46, 6, 29, 31, 36, 27, 9, 37, 5]
 operation_index :[0, 6, 4, 4, 2, 9, 1, 0, 3, 1, 5, 9, 2, 3, 9, 0, 3, 2, 4, 6, 8, 7, 5, 3, 1, 4, 4, 7, 8, 2, 5, 0, 7, 2, 8, 0, 8, 5, 8, 3, 1, 6, 6, 9, 1, 6, 7, 9, 7, 5]
machine sequence: [1, 3, 4, 0, 2, 4, 2, 2, 4, 1, 4, 1, 3, 0, 0, 0, 2, 4, 1, 2, 4, 4, 0, 1, 0, 3, 2, 1, 0, 0, 1, 4, 0, 1, 3, 3, 2, 2, 1, 3, 4, 0, 4, 2, 3, 1, 2, 3, 3, 3]
 ptime sequence: [23, 33, 57, 81, 38, 40, 21, 45, 37, 29, 81, 83, 54, 54, 19, 82, 74, 16, 61, 20, 56, 24, 79, 62, 18, 68, 30, 84, 7, 52, 89, 84, 32, 52, 54, 38, 64, 89, 39, 57, 41, 91, 20, 8, 50, 66, 55, 7, 8, 11]
 Cmax: 686
