Genetic Algorithm Specifications
------------------------
N = 350, T = 450, pc = 0.8, pm = 0.05, pswap = 0.05, pinv = 0.05
Processing time = 29.91250491142273
best Cmax = 689
random generated numbers:[6, 5, 9, 10, 21, 26, 39.82, 19, 17, 12, 11, 14, 13, 16, 15, 20, 18, 2, 1, 8, 7, 43, 3, 24, 25, 29, 38, 30, 31, 36, 23, 22, 35, 23.94, 33.58, 21.42, 24.38, 29.24, 14.9, 36.91, 4.82, 9.91, 43.86, 2.54, 9.67, 2.25, 19.1, 22.05, 11.69, 43.49]
ranked list : [7, 6, 10, 13, 27, 36, 46, 24, 22, 16, 14, 18, 17, 21, 20, 26, 23, 1, 0, 9, 8, 47, 4, 33, 35, 37, 45, 39, 40, 43, 31, 29, 42, 32, 41, 28, 34, 38, 19, 44, 5, 12, 49, 3, 11, 2, 25, 30, 15, 48]
 operation_index :[7, 6, 0, 3, 7, 6, 6, 4, 2, 6, 4, 8, 7, 1, 0, 6, 3, 1, 0, 9, 8, 7, 4, 3, 5, 7, 5, 9, 0, 3, 1, 9, 2, 2, 1, 8, 4, 8, 9, 4, 5, 2, 9, 3, 1, 2, 5, 0, 5, 8]
machine sequence: [4, 3, 1, 4, 1, 2, 0, 4, 2, 4, 0, 4, 0, 2, 2, 1, 0, 1, 0, 4, 0, 2, 1, 2, 4, 3, 0, 1, 4, 1, 0, 0, 3, 4, 4, 3, 3, 2, 2, 2, 1, 0, 3, 3, 3, 1, 2, 3, 3, 1]
 ptime sequence: [24, 33, 23, 37, 84, 20, 91, 57, 38, 20, 81, 56, 32, 21, 45, 66, 54, 29, 82, 40, 7, 55, 61, 74, 81, 8, 79, 83, 84, 62, 18, 19, 54, 16, 41, 54, 68, 64, 8, 30, 89, 52, 7, 57, 50, 52, 89, 38, 11, 39]
 Cmax: 689
