Genetic Algorithm Specifications
------------------------
N = 350, T = 450, pc = 0.8, pm = 0.05, pswap = 0.05, pinv = 0.05
Processing time = 31.583725929260254
best Cmax = 665
random generated numbers:[35.09, 25.96, 37.35, 23.57, 40.16, 24.4, 21.45, 16.46, 1.69, 38.57, 21.77, 41.06, 9.01, 30.14, 37.5, 25.45, 14.56, 17.0, 4.38, 45.05, 43.81, 44.73, 40.21, 49.86, 38.19, 21.26, 13.62, 18.09, 18.4, 22.0, 43.94, 22.14, 39.23, 39.27, 42.81, 37.65, 14.68, 14.7, 1.36, 44.19, 0.82, 26.42, 26.61, 17.68, 11.04, 36.86, 24.94, 20.72, 9.02, 23.17]
ranked list : [31, 27, 33, 23, 40, 24, 18, 11, 2, 37, 19, 42, 4, 30, 34, 26, 8, 12, 3, 48, 44, 47, 41, 49, 36, 17, 7, 14, 15, 20, 45, 21, 38, 39, 43, 35, 9, 10, 1, 46, 0, 28, 29, 13, 6, 32, 25, 16, 5, 22]
 operation_index :[1, 7, 3, 3, 0, 4, 8, 1, 2, 7, 9, 2, 4, 0, 4, 6, 8, 2, 3, 8, 4, 7, 1, 9, 6, 7, 7, 4, 5, 0, 5, 1, 8, 9, 3, 5, 9, 0, 1, 6, 0, 8, 9, 3, 6, 2, 5, 6, 5, 2]
machine sequence: [2, 4, 4, 0, 1, 4, 4, 1, 2, 1, 4, 3, 0, 2, 1, 3, 0, 4, 2, 3, 3, 0, 0, 1, 2, 2, 3, 2, 4, 0, 0, 4, 2, 0, 1, 1, 2, 4, 3, 0, 3, 1, 3, 3, 4, 0, 2, 1, 3, 1]
 ptime sequence: [21, 24, 37, 54, 23, 57, 56, 29, 38, 84, 40, 54, 81, 45, 61, 33, 7, 16, 74, 54, 68, 32, 18, 83, 20, 55, 8, 30, 81, 82, 79, 41, 64, 19, 62, 89, 8, 84, 50, 91, 38, 39, 7, 57, 20, 52, 89, 66, 11, 52]
 Cmax: 665
