Genetic Algorithm Specifications
------------------------
N = 350, T = 450, pc = 0.8, pm = 0.05, pswap = 0.05, pinv = 0.05
Processing time = 34.47445797920227
best Cmax = 680
random generated numbers:[35.92, 30.0, 0.9, 34.46, 28.11, 46.23, 16.02, 41.22, 12.78, 15.78, 15.17, 1.78, 9.78, 21.54, 15.86, 12.56, 23.14, 16.99, 4.65, 38.8, 28.52, 36.05, 11.17, 14.39, 22.64, 35.8, 44.76, 46.06, 35.59, 23.31, 17.13, 29.76, 32.22, 47.22, 16.54, 48.86, 44.49, 46.69, 36.16, 30.92, 14.64, 29.47, 25.880000000000003, 47.07, 47.56, 43.69, 16.74, 43.98, 3.47, 32.85]
ranked list : [34, 27, 0, 31, 23, 44, 13, 38, 7, 11, 10, 1, 4, 18, 12, 6, 20, 16, 3, 37, 24, 35, 5, 8, 19, 33, 42, 43, 32, 21, 17, 26, 29, 47, 14, 49, 41, 45, 36, 28, 9, 25, 22, 46, 48, 39, 15, 40, 2, 30]
 operation_index :[4, 7, 0, 1, 3, 4, 3, 8, 7, 1, 0, 1, 4, 8, 2, 6, 0, 6, 3, 7, 4, 5, 5, 8, 9, 3, 2, 3, 2, 1, 7, 6, 9, 7, 4, 9, 1, 5, 6, 8, 9, 5, 2, 6, 8, 9, 5, 0, 2, 0]
machine sequence: [4, 4, 1, 2, 4, 0, 0, 4, 1, 1, 2, 0, 1, 0, 2, 3, 0, 2, 2, 0, 3, 4, 0, 3, 4, 1, 3, 3, 4, 4, 2, 0, 1, 3, 2, 0, 3, 1, 4, 2, 2, 2, 0, 1, 1, 3, 3, 4, 1, 3]
 ptime sequence: [57, 24, 23, 21, 37, 81, 54, 56, 84, 29, 45, 18, 61, 7, 38, 33, 82, 20, 74, 32, 68, 81, 79, 54, 40, 62, 54, 57, 16, 41, 55, 91, 83, 8, 30, 19, 50, 89, 20, 64, 8, 89, 52, 66, 39, 7, 11, 84, 52, 38]
 Cmax: 680
