Genetic Algorithm Specifications
------------------------
N = 350, T = 450, pc = 0.8, pm = 0.05, pswap = 0.05, pinv = 0.05
Processing time = 30.373260498046875
best Cmax = 668
random generated numbers:[18.18, 0.94, 13.3, 49.0, 0.73, 12.34, 6.22, 17.68, 16.07, 32.73, 45.81, 34.68, 30.22, 36.93, 45.38, 9.58, 15.3, 15.43, 31.65, 2.38, 24.68, 1.97, 29.44, 1.16, 12.07, 4.41, 9.62, 14.83, 0.63, 49.83, 45.08, 24.1, 9.1, 33.4, 40.83, 46.0, 5.37, 34.93, 38.03, 45.75, 26.96, 49.21, 35.05, 18.01, 14.44, 48.0, 35.58, 43.87, 23.84, 13.88]
ranked list : [23, 2, 14, 47, 1, 13, 8, 21, 20, 31, 44, 33, 29, 37, 42, 10, 18, 19, 30, 5, 26, 4, 28, 3, 12, 6, 11, 17, 0, 49, 41, 25, 9, 32, 39, 45, 7, 34, 38, 43, 27, 48, 35, 22, 16, 46, 36, 40, 24, 15]
 operation_index :[3, 2, 4, 7, 1, 3, 8, 1, 0, 1, 4, 3, 9, 7, 2, 0, 8, 9, 0, 5, 6, 4, 8, 3, 2, 6, 1, 7, 0, 9, 1, 5, 9, 2, 9, 5, 7, 4, 8, 3, 7, 8, 5, 2, 6, 6, 6, 0, 4, 5]
machine sequence: [4, 2, 4, 4, 2, 0, 4, 1, 1, 0, 0, 2, 4, 1, 3, 2, 0, 1, 0, 4, 3, 1, 3, 1, 4, 2, 4, 0, 4, 0, 3, 0, 2, 0, 3, 1, 2, 3, 2, 3, 3, 1, 2, 1, 0, 4, 1, 3, 2, 3]
 ptime sequence: [37, 38, 57, 24, 21, 54, 56, 29, 23, 18, 81, 74, 40, 84, 54, 45, 7, 83, 82, 81, 33, 61, 54, 62, 16, 20, 41, 32, 84, 19, 50, 79, 8, 52, 7, 89, 55, 68, 64, 57, 8, 39, 89, 52, 91, 20, 66, 38, 30, 11]
 Cmax: 668
