Genetic Algorithm Specifications
------------------------
N = 350, T = 450, pc = 0.8, pm = 0.05, pswap = 0.05, pinv = 0.05
Processing time = 32.82589530944824
best Cmax = 687
random generated numbers:[31.35, 47.27, 11.68, 15.36, 5.6, 33.7, 11.08, 17.04, 43.39, 17.18, 26.03, 9.35, 6.43, 45.63, 46.17, 4.13, 17.01, 34.36, 46.59, 13.87, 20.54, 27.67, 1.04, 45.43, 28.1, 7.63, 41.69, 45.68, 12.81, 30.4, 31.75, 41.14, 17.25, 24.76, 21.98, 27.99, 3.01, 26.51, 15.19, 44.35, 17.07, 10.58, 6.17, 0.02, 13.69, 10.92, 32.32, 11.4, 33.07, 14.56]
ranked list : [34, 49, 13, 19, 4, 38, 11, 21, 42, 23, 28, 8, 6, 45, 47, 3, 20, 39, 48, 16, 25, 30, 1, 44, 32, 7, 41, 46, 14, 33, 35, 40, 24, 27, 26, 31, 2, 29, 18, 43, 22, 9, 5, 0, 15, 10, 36, 12, 37, 17]
 operation_index :[4, 9, 3, 9, 4, 8, 1, 1, 2, 3, 8, 8, 6, 5, 7, 3, 0, 9, 8, 6, 5, 0, 1, 4, 2, 7, 1, 6, 4, 3, 5, 0, 4, 7, 6, 1, 2, 9, 8, 3, 2, 9, 5, 0, 5, 0, 6, 2, 7, 7]
machine sequence: [4, 4, 4, 1, 0, 4, 2, 1, 2, 0, 0, 3, 3, 4, 4, 2, 1, 0, 2, 2, 0, 2, 0, 1, 3, 1, 4, 0, 3, 1, 1, 0, 2, 0, 4, 3, 4, 2, 1, 3, 0, 3, 2, 4, 3, 3, 1, 1, 2, 3]
 ptime sequence: [57, 40, 37, 83, 81, 56, 21, 29, 38, 54, 7, 54, 33, 81, 24, 74, 23, 19, 64, 20, 79, 45, 18, 61, 54, 84, 41, 91, 68, 62, 89, 82, 30, 32, 20, 50, 16, 8, 39, 57, 52, 7, 89, 84, 11, 38, 66, 52, 55, 8]
 Cmax: 687
