Genetic Algorithm Specifications
------------------------
N = 350, T = 450, pc = 0.8, pm = 0.05, pswap = 0.05, pinv = 0.05
Processing time = 31.143866300582886
best Cmax = 686
random generated numbers:[47.31, 7.85, 39.17, 49.55, 33.64, 21.52, 10.9, 9.43, 46.76, 4.35, 26.69, 12.39, 38.33, 20.02, 44.37, 8.57, 15.2, 27.99, 26.19, 10.19, 1.8, 35.32, 12.66, 19.08, 45.35, 21.46, 29.64, 39.32, 45.65, 35.16, 40.0, 37.77, 8.04, 47.81, 8.78, 23.79, 49.39, 20.73, 32.95, 19.35, 13.78, 20.2, 39.57, 10.23, 5.73, 13.22, 37.16, 35.84, 45.25, 9.67]
ranked list : [46, 3, 37, 49, 30, 23, 11, 7, 45, 1, 26, 12, 36, 19, 41, 5, 16, 27, 25, 9, 0, 32, 13, 17, 43, 22, 28, 38, 44, 31, 40, 35, 4, 47, 6, 24, 48, 21, 29, 18, 15, 20, 39, 10, 2, 14, 34, 33, 42, 8]
 operation_index :[6, 3, 7, 9, 0, 3, 1, 7, 5, 1, 6, 2, 6, 9, 1, 5, 6, 7, 5, 9, 0, 2, 3, 7, 3, 2, 8, 8, 4, 1, 0, 5, 4, 7, 6, 4, 8, 1, 9, 8, 5, 0, 9, 0, 2, 4, 4, 3, 2, 8]
machine sequence: [3, 4, 4, 4, 1, 0, 2, 1, 4, 1, 2, 2, 0, 1, 0, 0, 4, 0, 1, 0, 2, 3, 2, 2, 1, 4, 4, 0, 4, 4, 0, 2, 0, 3, 1, 1, 3, 3, 2, 2, 3, 4, 3, 3, 0, 3, 2, 3, 1, 1]
 ptime sequence: [33, 37, 24, 40, 23, 54, 21, 84, 81, 29, 20, 38, 91, 83, 18, 79, 20, 32, 89, 19, 45, 54, 74, 55, 62, 16, 56, 7, 57, 41, 82, 89, 81, 8, 66, 61, 54, 50, 8, 64, 11, 84, 7, 38, 52, 68, 30, 57, 52, 39]
 Cmax: 686
