Genetic Algorithm Specifications
------------------------
N = 350, T = 450, pc = 0.8, pm = 0.05, pswap = 0.05, pinv = 0.05
Processing time = 33.32348394393921
best Cmax = 689
random generated numbers:[26.98, 8.15, 18.89, 19.85, 6.46, 6.33, 1.27, 28.47, 27.39, 30.77, 41.7, 35.84, 10.78, 16, 13, 14, 11, 12, 17, 19, 27, 26, 21, 24, 25, 29, 28, 30, 22, 23, 36, 31, 35, 39, 34, 38, 33, 32, 37, 40, 47, 44, 43, 42, 49, 41, 45, 46, 48, 50]
ranked list : [20, 3, 11, 13, 2, 1, 0, 24, 22, 27, 40, 33, 4, 9, 7, 8, 5, 6, 10, 12, 21, 19, 14, 17, 18, 25, 23, 26, 15, 16, 34, 28, 32, 37, 31, 36, 30, 29, 35, 38, 46, 43, 42, 41, 48, 39, 44, 45, 47, 49]
 operation_index :[0, 3, 1, 3, 2, 1, 0, 4, 2, 7, 0, 3, 4, 9, 7, 8, 5, 6, 0, 2, 1, 9, 4, 7, 8, 5, 3, 6, 5, 6, 4, 8, 2, 7, 1, 6, 0, 9, 5, 8, 6, 3, 2, 1, 8, 9, 4, 5, 7, 9]
machine sequence: [1, 4, 2, 0, 2, 1, 2, 4, 3, 4, 0, 2, 0, 4, 1, 4, 4, 3, 4, 4, 0, 1, 1, 0, 0, 0, 1, 2, 1, 0, 3, 3, 0, 2, 4, 4, 3, 0, 2, 2, 1, 3, 1, 3, 1, 2, 2, 3, 3, 3]
 ptime sequence: [23, 37, 21, 54, 38, 29, 45, 57, 54, 24, 82, 74, 81, 40, 84, 56, 81, 33, 84, 16, 18, 83, 61, 32, 7, 79, 62, 20, 89, 91, 68, 54, 52, 55, 41, 20, 38, 19, 89, 64, 66, 57, 52, 50, 39, 8, 30, 11, 8, 7]
 Cmax: 689
