Genetic Algorithm Specifications
------------------------
N = 350, T = 450, pc = 0.8, pm = 0.05, pswap = 0.05, pinv = 0.05
Processing time = 33.37918400764465
best Cmax = 684
random generated numbers:[31.46, 1.74, 37.35, 28.74, 41.18, 16.6, 5.97, 10.66, 28.05, 32.59, 44.46, 11.72, 2.23, 1.5, 30.22, 25.33, 30.14, 19.53, 27.36, 44.6, 12.45, 31.39, 47.01, 1.61, 6.76, 11.8, 39.32, 4.27, 43.4, 13.02, 21.28, 45.09, 19.54, 16.96, 19.1, 12.49, 15, 20, 31, 4, 28, 8, 1, 2, 3, 10, 45, 46, 48, 35]
ranked list : [36, 3, 39, 31, 41, 20, 9, 13, 30, 37, 43, 14, 5, 1, 33, 27, 32, 23, 28, 44, 16, 35, 48, 2, 10, 15, 40, 8, 42, 18, 26, 46, 24, 21, 22, 17, 19, 25, 34, 7, 29, 11, 0, 4, 6, 12, 45, 47, 49, 38]
 operation_index :[6, 3, 9, 1, 1, 0, 9, 3, 0, 7, 3, 4, 5, 1, 3, 7, 2, 3, 8, 4, 6, 5, 8, 2, 0, 5, 0, 8, 2, 8, 6, 6, 4, 1, 2, 7, 9, 5, 4, 7, 9, 1, 0, 4, 6, 2, 5, 7, 9, 8]
machine sequence: [3, 4, 4, 2, 1, 1, 1, 0, 2, 4, 2, 4, 4, 0, 1, 1, 2, 3, 4, 0, 2, 0, 0, 3, 0, 1, 4, 3, 4, 2, 0, 4, 1, 4, 0, 0, 0, 2, 3, 2, 2, 3, 3, 2, 1, 1, 3, 3, 3, 1]
 ptime sequence: [33, 37, 40, 21, 29, 23, 83, 54, 45, 24, 74, 57, 81, 18, 62, 84, 38, 57, 56, 81, 20, 79, 7, 54, 82, 89, 84, 54, 16, 64, 91, 20, 61, 41, 52, 32, 19, 89, 68, 55, 8, 50, 38, 30, 66, 52, 11, 8, 7, 39]
 Cmax: 684
