Genetic Algorithm Specifications
------------------------
N = 350, T = 450, pc = 0.8, pm = 0.05, pswap = 0.05, pinv = 0.05
Processing time = 34.215922594070435
best Cmax = 730
random generated numbers:[41.7, 31.4, 40.34, 30.65, 31.59, 43.28, 29.26, 14.74, 35.34, 23.94, 29.89, 49.07, 29.46, 3.85, 30.68, 20.5, 11.36, 22.92, 49.78, 38.13, 4.1, 35.97, 30.44, 37.78, 35.45, 0.82, 15.27, 41.49, 10.99, 0.87, 11.32, 34.9, 21.42, 16.81, 18.99, 14.73, 43.36, 35.39, 40.06, 27.52, 3.36, 1.35, 21.01, 18.56, 21.0, 20.55, 4.66, 47.62, 35.28, 37.25]
ranked list : [44, 30, 42, 28, 31, 45, 24, 11, 34, 22, 26, 48, 25, 4, 29, 16, 9, 21, 49, 40, 5, 37, 27, 39, 36, 0, 12, 43, 7, 1, 8, 32, 20, 13, 15, 10, 46, 35, 41, 23, 3, 2, 19, 14, 18, 17, 6, 47, 33, 38]
 operation_index :[4, 0, 2, 8, 1, 5, 4, 1, 4, 2, 6, 8, 5, 4, 9, 6, 9, 1, 9, 0, 5, 7, 7, 9, 6, 0, 2, 3, 7, 1, 8, 2, 0, 3, 5, 0, 6, 5, 1, 3, 3, 2, 9, 4, 8, 7, 6, 7, 3, 8]
machine sequence: [4, 0, 1, 4, 4, 1, 0, 2, 3, 2, 4, 0, 0, 2, 4, 1, 2, 0, 1, 3, 4, 1, 0, 3, 3, 1, 4, 2, 2, 1, 2, 0, 4, 1, 3, 2, 0, 2, 3, 4, 0, 3, 0, 1, 1, 3, 2, 4, 3, 3]
 ptime sequence: [27, 20, 72, 14, 25, 67, 42, 32, 48, 23, 28, 75, 98, 17, 72, 12, 18, 24, 37, 87, 48, 63, 94, 79, 19, 31, 28, 86, 98, 18, 50, 58, 76, 76, 27, 17, 80, 62, 81, 97, 45, 99, 61, 46, 41, 50, 50, 80, 90, 55]
 Cmax: 730
