Genetic Algorithm Specifications
------------------------
N = 350, T = 450, pc = 0.8, pm = 0.05, pswap = 0.05, pinv = 0.05
Processing time = 33.110461950302124
best Cmax = 762
random generated numbers:[2.75, 34.8, 15.92, 42.56, 40.49, 42.47, 23.93, 36.82, 34.24, 18.68, 16.76, 13.78, 49.29, 25.36, 23.95, 39.39, 12.86, 34.32, 33.06, 26.9, 15.17, 15.69, 36.78, 7.9, 16.26, 10.82, 34.31, 23.34, 13.99, 37.13, 14.88, 5.58, 38.34, 41.27, 16.14, 17.84, 39.18, 35.3, 31.01, 39.69, 27.41, 28.91, 12.48, 39.57, 48.9, 31.51, 22.32, 32.31, 11.32, 7.0]
ranked list : [0, 34, 13, 47, 44, 46, 21, 37, 31, 18, 16, 8, 49, 23, 22, 41, 7, 33, 30, 24, 11, 12, 36, 3, 15, 4, 32, 20, 9, 38, 10, 1, 39, 45, 14, 17, 40, 35, 27, 43, 25, 26, 6, 42, 48, 28, 19, 29, 5, 2]
 operation_index :[0, 4, 3, 7, 4, 6, 1, 7, 1, 8, 6, 8, 9, 3, 2, 1, 7, 3, 0, 4, 1, 2, 6, 3, 5, 4, 2, 0, 9, 8, 0, 1, 9, 5, 4, 7, 0, 5, 7, 3, 5, 6, 6, 2, 8, 8, 9, 9, 5, 2]
machine sequence: [0, 4, 2, 1, 0, 4, 4, 0, 2, 4, 1, 0, 4, 1, 1, 0, 2, 4, 3, 3, 1, 2, 3, 0, 1, 2, 4, 1, 2, 2, 4, 3, 1, 0, 1, 3, 2, 4, 4, 3, 3, 0, 2, 0, 1, 3, 3, 0, 2, 3]
 ptime sequence: [20, 27, 86, 63, 42, 28, 25, 94, 32, 14, 12, 75, 72, 76, 72, 24, 98, 97, 87, 48, 18, 23, 19, 45, 67, 17, 28, 31, 18, 50, 76, 81, 37, 98, 46, 50, 17, 48, 80, 90, 27, 80, 50, 58, 41, 55, 79, 61, 62, 99]
 Cmax: 762
