Genetic Algorithm Specifications
------------------------
N = 350, T = 450, pc = 0.8, pm = 0.05, pswap = 0.05, pinv = 0.05
Processing time = 34.63302564620972
best Cmax = 764
random generated numbers:[44.6, 49.14, 1.03, 44.41, 12.5, 5.71, 8.44, 20.8, 38.85, 16.26, 7.08, 19.4, 10.56, 30.48, 37.68, 14.1, 15.16, 2.18, 44.76, 8.47, 13.52, 28.180000000000003, 43.56, 8.74, 19.64, 10.78, 36.64, 40.55, 12.43, 3.32, 14.94, 24.77, 30.32, 37.12, 1.21, 28.17, 28.95, 49.72, 13.79, 43.64, 37.34, 40.81, 25.17, 12.19, 20.49, 26.83, 45.86, 21.59, 20.62, 31.38]
ranked list : [45, 48, 0, 44, 13, 4, 6, 24, 39, 19, 5, 20, 27, 41, 37, 43, 15, 49, 31, 29, 1, 36, 32, 26, 17, 3, 12, 40, 35, 10, 21, 8, 42, 30, 14, 7, 46, 2, 18, 16, 38, 33, 9, 11, 22, 28, 47, 25, 23, 34]
 operation_index :[5, 8, 0, 4, 3, 4, 6, 4, 9, 9, 5, 0, 7, 1, 7, 3, 5, 9, 1, 9, 1, 6, 2, 6, 7, 3, 2, 0, 5, 0, 1, 8, 2, 0, 4, 7, 6, 2, 8, 6, 8, 3, 9, 1, 2, 8, 7, 5, 3, 4]
machine sequence: [1, 4, 0, 4, 2, 0, 4, 3, 4, 2, 0, 3, 1, 4, 0, 1, 4, 1, 2, 3, 0, 1, 1, 3, 2, 4, 2, 1, 3, 4, 1, 0, 4, 2, 2, 3, 0, 0, 2, 2, 1, 0, 0, 3, 3, 3, 4, 2, 3, 1]
 ptime sequence: [67, 14, 20, 27, 86, 42, 28, 48, 72, 18, 98, 87, 63, 25, 94, 76, 48, 37, 32, 79, 24, 12, 72, 19, 98, 97, 23, 31, 27, 76, 18, 75, 28, 17, 17, 50, 80, 58, 50, 50, 41, 45, 61, 81, 99, 55, 80, 62, 90, 46]
 Cmax: 764
