Genetic Algorithm Specifications
------------------------
N = 350, T = 450, pc = 0.8, pm = 0.05, pswap = 0.05, pinv = 0.05
Processing time = 29.757291555404663
best Cmax = 749
random generated numbers:[9.24, 24.1, 3.12, 29.91, 15.99, 18.57, 46.68, 48.33, 18.77, 11.74, 16.83, 33.67, 34.77, 20.3, 46.54, 44.14, 21.34, 43.7, 45.01, 17.53, 22.16, 5.35, 12.79, 31.99, 6.46, 31.91, 48.77, 5.03, 29.89, 22.19, 33.47, 29.65, 47.05, 9.56, 44.9, 46.2, 14.32, 37.43, 37.11, 8.67, 46.84, 4.05, 44.08, 43.66, 14.31, 30.34, 24.97, 16.45, 37.8, 41.91]
ranked list : [6, 22, 0, 26, 12, 16, 45, 48, 17, 8, 14, 31, 32, 18, 44, 40, 19, 38, 42, 15, 20, 3, 9, 29, 4, 28, 49, 2, 25, 21, 30, 24, 47, 7, 41, 43, 11, 34, 33, 5, 46, 1, 39, 37, 10, 27, 23, 13, 35, 36]
 operation_index :[6, 2, 0, 6, 2, 6, 5, 8, 7, 8, 4, 1, 2, 8, 4, 0, 9, 8, 2, 5, 0, 3, 9, 9, 4, 8, 9, 2, 5, 1, 0, 4, 7, 7, 1, 3, 1, 4, 3, 5, 6, 1, 9, 7, 0, 7, 3, 3, 5, 6]
machine sequence: [4, 1, 0, 1, 2, 3, 1, 4, 1, 0, 4, 4, 4, 2, 0, 3, 4, 1, 0, 0, 1, 2, 2, 1, 3, 3, 3, 3, 4, 2, 4, 2, 0, 2, 0, 1, 1, 1, 4, 3, 0, 3, 0, 3, 2, 4, 0, 3, 2, 2]
 ptime sequence: [28, 72, 20, 12, 23, 19, 67, 14, 63, 75, 27, 25, 28, 50, 42, 87, 72, 41, 58, 98, 31, 86, 18, 37, 48, 55, 79, 99, 48, 32, 76, 17, 94, 98, 24, 76, 18, 46, 97, 27, 80, 81, 61, 50, 17, 80, 45, 90, 62, 50]
 Cmax: 749
