Genetic Algorithm Specifications
------------------------
N = 350, T = 450, pc = 0.8, pm = 0.05, pswap = 0.05, pinv = 0.05
Processing time = 32.84654927253723
best Cmax = 745
random generated numbers:[36.37, 2.28, 23.84, 29.5, 19.19, 23.82, 6.68, 31.8, 12.23, 16.89, 45.9, 47.36, 4.29, 13.82, 47.75, 47.32, 5.9, 5.74, 4.83, 41.3, 32.29, 19.88, 11.8, 11.89, 35.1, 37.08, 40.03, 43.29, 26.0, 17.23, 22.52, 19.99, 12.32, 13.54, 23.24, 12.49, 32.81, 5.46, 36.76, 17.37, 15.64, 43.59, 11.54, 33.97, 35.55, 29.76, 34.16, 20.99, 6.81, 32.75]
ranked list : [39, 0, 27, 29, 20, 26, 6, 31, 11, 17, 46, 48, 1, 15, 49, 47, 5, 4, 2, 43, 32, 21, 9, 10, 37, 41, 42, 44, 28, 18, 24, 22, 12, 14, 25, 13, 34, 3, 40, 19, 16, 45, 8, 35, 38, 30, 36, 23, 7, 33]
 operation_index :[9, 0, 7, 9, 0, 6, 6, 1, 1, 7, 6, 8, 1, 5, 9, 7, 5, 4, 2, 3, 2, 1, 9, 0, 7, 1, 2, 4, 8, 8, 4, 2, 2, 4, 5, 3, 4, 3, 0, 9, 6, 5, 8, 5, 8, 0, 6, 3, 7, 3]
machine sequence: [4, 0, 1, 2, 3, 4, 1, 4, 2, 0, 3, 4, 0, 1, 1, 2, 0, 4, 1, 2, 2, 1, 3, 1, 3, 3, 4, 0, 0, 2, 3, 0, 3, 2, 4, 1, 1, 4, 4, 0, 0, 3, 1, 2, 3, 2, 2, 0, 4, 3]
 ptime sequence: [72, 20, 63, 18, 87, 28, 12, 25, 32, 94, 19, 14, 24, 67, 37, 98, 98, 27, 72, 86, 23, 18, 79, 31, 50, 81, 28, 42, 75, 50, 48, 58, 99, 17, 48, 76, 46, 97, 76, 61, 80, 27, 41, 62, 55, 17, 50, 45, 80, 90]
 Cmax: 745
