Genetic Algorithm Specifications
------------------------
N = 350, T = 450, pc = 0.8, pm = 0.05, pswap = 0.05, pinv = 0.05
Processing time = 33.8423068523407
best Cmax = 751
random generated numbers:[41.48, 5.17, 21.18, 45.02, 8.32, 33.97, 9.19, 11.96, 41.06, 25.9, 48.04, 2.97, 43.01, 18.53, 14.79, 7.96, 23.4, 14.6, 47.4, 27.31, 21.06, 14.49, 47.3, 8.88, 22.38, 25.57, 32.01, 33.31, 28.9, 39.26, 38.5, 14.27, 39.49, 18.79, 17.92, 19.9, 0.9, 31.11, 33.76, 45.48, 46.5, 39.5, 38.99, 31.99, 39.01, 40.54, 43.37, 11.46, 1.56, 20.17]
ranked list : [41, 3, 20, 44, 5, 32, 7, 9, 40, 24, 49, 2, 42, 15, 13, 4, 22, 12, 48, 25, 19, 11, 47, 6, 21, 23, 29, 30, 26, 36, 33, 10, 37, 16, 14, 17, 0, 27, 31, 45, 46, 38, 34, 28, 35, 39, 43, 8, 1, 18]
 operation_index :[1, 3, 0, 4, 5, 2, 7, 9, 0, 4, 9, 2, 2, 5, 3, 4, 2, 2, 8, 5, 9, 1, 7, 6, 1, 3, 9, 0, 6, 6, 3, 0, 7, 6, 4, 7, 0, 7, 1, 5, 6, 8, 4, 8, 5, 9, 3, 8, 1, 8]
machine sequence: [4, 2, 0, 4, 1, 1, 1, 4, 3, 0, 2, 2, 4, 0, 1, 3, 0, 3, 4, 4, 1, 2, 0, 4, 0, 4, 3, 1, 1, 3, 0, 4, 2, 0, 2, 3, 2, 4, 1, 3, 2, 0, 1, 2, 2, 0, 3, 1, 3, 3]
 ptime sequence: [25, 86, 20, 27, 67, 72, 63, 72, 87, 42, 18, 23, 28, 98, 76, 48, 58, 99, 14, 48, 37, 32, 94, 28, 24, 97, 79, 31, 12, 19, 45, 76, 98, 80, 17, 50, 17, 80, 18, 27, 50, 75, 46, 50, 62, 61, 90, 41, 81, 55]
 Cmax: 751
