Genetic Algorithm Specifications
------------------------
N = 350, T = 450, pc = 0.8, pm = 0.05, pswap = 0.05, pinv = 0.05
Processing time = 35.24788689613342
best Cmax = 760
random generated numbers:[9.48, 33.44, 29.61, 0.82, 41.32, 2.16, 29.38, 13.01, 29.07, 40.79, 19.66, 49.88, 43.85, 0.84, 32.99, 14.41, 49.7, 45.28, 21.91, 21.47, 4.69, 43.04, 37.35, 42.81, 7.58, 4.99, 28.02, 48.95, 5.0, 1.35, 13.04, 2.54, 27.04, 44.44, 30.02, 38.97, 13.03, 27.42, 40.19, 9.98, 25.11, 23.78, 25.72, 24.83, 6.8, 0.14, 25.19, 19.06, 12.3, 48.78]
ranked list : [11, 35, 32, 1, 40, 4, 31, 14, 30, 39, 19, 49, 43, 2, 34, 17, 48, 45, 21, 20, 6, 42, 36, 41, 10, 7, 29, 47, 8, 3, 16, 5, 27, 44, 33, 37, 15, 28, 38, 12, 24, 22, 26, 23, 9, 0, 25, 18, 13, 46]
 operation_index :[1, 5, 2, 1, 0, 4, 1, 4, 0, 9, 9, 9, 3, 2, 4, 7, 8, 5, 1, 0, 6, 2, 6, 1, 0, 7, 9, 7, 8, 3, 6, 5, 7, 4, 3, 7, 5, 8, 8, 2, 4, 2, 6, 3, 9, 0, 5, 8, 3, 6]
machine sequence: [4, 1, 1, 2, 0, 4, 0, 0, 3, 4, 2, 1, 2, 2, 3, 1, 4, 0, 1, 1, 4, 4, 1, 3, 4, 0, 3, 2, 0, 1, 3, 4, 3, 2, 4, 4, 3, 2, 1, 0, 1, 3, 0, 0, 0, 2, 2, 3, 3, 2]
 ptime sequence: [25, 67, 72, 32, 20, 27, 24, 42, 87, 72, 18, 37, 86, 23, 48, 63, 14, 98, 18, 31, 28, 28, 12, 81, 76, 94, 79, 98, 75, 76, 19, 48, 50, 17, 97, 80, 27, 50, 41, 58, 46, 99, 80, 45, 61, 17, 62, 55, 90, 50]
 Cmax: 760
