Genetic Algorithm Specifications
------------------------
N = 350, T = 450, pc = 0.8, pm = 0.05, pswap = 0.05, pinv = 0.05
Processing time = 35.69421672821045
best Cmax = 760
random generated numbers:[40.53, 34.11, 45.85, 32.33, 45.47, 1.44, 35.74, 28.69, 29.22, 0.39, 41.16, 13.66, 4.2, 37.85, 44.16, 48.73, 40.46, 25.5, 44.48, 2.56, 25.94, 11.15, 22.45, 16.71, 20.18, 21.85, 25.77, 7.57, 39.87, 14.34, 12.78, 32.67, 48.17, 13.06, 2.66, 40.79, 48.22, 8.26, 18.88, 23.43, 43.98, 45.25, 49.08, 7.88, 37.75, 46.79, 29.23, 45.72, 3.53, 41.64]
ranked list : [34, 28, 44, 26, 42, 1, 29, 23, 24, 0, 36, 12, 5, 31, 39, 48, 33, 20, 40, 2, 22, 9, 18, 14, 16, 17, 21, 6, 32, 13, 10, 27, 46, 11, 3, 35, 47, 8, 15, 19, 38, 41, 49, 7, 30, 45, 25, 43, 4, 37]
 operation_index :[4, 8, 4, 6, 2, 1, 9, 3, 4, 0, 6, 2, 5, 1, 9, 8, 3, 0, 0, 2, 2, 9, 8, 4, 6, 7, 1, 6, 2, 3, 0, 7, 6, 1, 3, 5, 7, 8, 5, 9, 8, 1, 9, 7, 0, 5, 5, 3, 4, 7]
machine sequence: [4, 4, 0, 4, 1, 4, 4, 2, 3, 0, 1, 2, 1, 2, 2, 0, 1, 3, 1, 4, 0, 1, 2, 2, 3, 1, 0, 0, 3, 4, 4, 0, 2, 1, 0, 0, 2, 1, 4, 3, 3, 3, 0, 3, 2, 3, 2, 3, 1, 4]
 ptime sequence: [27, 14, 42, 28, 72, 25, 72, 86, 48, 20, 12, 23, 67, 32, 18, 75, 76, 87, 31, 28, 58, 37, 50, 17, 19, 63, 24, 80, 99, 97, 76, 94, 50, 18, 45, 98, 98, 41, 48, 79, 55, 81, 61, 50, 17, 27, 62, 90, 46, 80]
 Cmax: 760
