Genetic Algorithm Specifications
------------------------
N = 350, T = 450, pc = 0.8, pm = 0.05, pswap = 0.05, pinv = 0.05
Processing time = 30.91404438018799
best Cmax = 748
random generated numbers:[43.71, 6.44, 19.74, 8.31, 3.62, 44.13, 9.55, 19.29, 17.96, 18.66, 8.71, 45.09, 42.48, 36.9, 14.96, 41.01, 17.71, 12.54, 41.67, 19.73, 40.82, 14.13, 24.39, 41.24, 3.88, 48.67, 13.23, 1.76, 12.69, 0.17, 13.15, 38.52, 4.81, 47.1, 20.87, 9.15, 39.25, 33.16, 8.6, 29.65, 42.77, 30.96, 23.33, 3.47, 21.2, 44.75, 23.19, 29.69, 19.33, 23.58]
ranked list : [44, 6, 24, 7, 3, 45, 11, 21, 19, 20, 9, 47, 42, 35, 17, 39, 18, 12, 41, 23, 38, 16, 30, 40, 4, 49, 15, 1, 13, 0, 14, 36, 5, 48, 25, 10, 37, 34, 8, 31, 43, 33, 28, 2, 26, 46, 27, 32, 22, 29]
 operation_index :[4, 6, 4, 7, 3, 5, 1, 1, 9, 0, 9, 7, 2, 5, 7, 9, 8, 2, 1, 3, 8, 6, 0, 0, 4, 9, 5, 1, 3, 0, 4, 6, 5, 8, 5, 0, 7, 4, 8, 1, 3, 3, 8, 2, 6, 6, 7, 2, 2, 9]
machine sequence: [4, 4, 0, 1, 2, 1, 4, 2, 4, 0, 2, 0, 1, 0, 2, 1, 4, 2, 0, 1, 0, 1, 3, 1, 3, 3, 4, 1, 4, 4, 2, 3, 3, 2, 2, 2, 3, 1, 1, 3, 0, 3, 3, 4, 0, 2, 4, 0, 3, 0]
 ptime sequence: [27, 28, 42, 63, 86, 67, 25, 32, 72, 20, 18, 94, 72, 98, 98, 37, 14, 23, 24, 76, 75, 12, 87, 31, 48, 79, 48, 18, 97, 76, 17, 19, 27, 50, 62, 17, 50, 46, 41, 81, 45, 90, 55, 28, 80, 50, 80, 58, 99, 61]
 Cmax: 748
