Genetic Algorithm Specifications
------------------------
N = 350, T = 450, pc = 0.8, pm = 0.05, pswap = 0.05, pinv = 0.05
Processing time = 31.379710912704468
best Cmax = 750
random generated numbers:[35.16, 21.89, 45.18, 37.87, 21.51, 28.67, 9.3, 4.79, 30.57, 26.1, 41.82, 39.92, 23.67, 36.82, 20.53, 40, 37, 27, 42.45, 23, 21, 30, 26, 25, 29, 24, 28, 17, 12, 5, 2, 1, 9, 16, 18, 11, 14, 19, 15, 20, 13, 7, 37.86, 48, 46, 50, 49, 47, 45, 41]
ranked list : [33, 20, 44, 37, 19, 29, 6, 2, 32, 26, 41, 38, 22, 34, 17, 39, 35, 27, 42, 21, 18, 31, 25, 24, 30, 23, 28, 13, 8, 9, 16, 11, 15, 10, 7, 14, 12, 5, 0, 1, 3, 4, 36, 47, 45, 49, 48, 46, 43, 40]
 operation_index :[3, 0, 4, 7, 9, 9, 6, 2, 2, 6, 1, 8, 2, 4, 7, 9, 5, 7, 2, 1, 8, 1, 5, 4, 0, 3, 8, 3, 8, 9, 6, 1, 5, 0, 7, 4, 2, 5, 0, 1, 3, 4, 6, 7, 5, 9, 8, 6, 3, 0]
machine sequence: [2, 0, 4, 1, 4, 2, 4, 1, 2, 1, 4, 4, 4, 0, 0, 1, 1, 2, 0, 2, 0, 0, 0, 3, 3, 1, 2, 4, 1, 3, 3, 1, 4, 1, 3, 2, 3, 3, 4, 3, 0, 1, 0, 4, 2, 0, 3, 2, 3, 2]
 ptime sequence: [86, 20, 27, 63, 72, 18, 28, 72, 23, 12, 25, 14, 28, 42, 94, 37, 67, 98, 58, 32, 75, 24, 98, 48, 87, 76, 50, 97, 41, 79, 19, 18, 48, 31, 50, 17, 99, 27, 76, 81, 45, 46, 80, 80, 62, 61, 55, 50, 90, 17]
 Cmax: 750
