Genetic Algorithm Specifications
------------------------
N = 350, T = 450, pc = 0.8, pm = 0.05, pswap = 0.05, pinv = 0.05
Processing time = 31.82848834991455
best Cmax = 631
random generated numbers:[4.93, 4, 7, 4.11, 44, 15, 48.98, 2, 33, 31.64, 19, 16, 40, 11, 23, 4.63, 21, 41.63, 32, 25, 9, 17, 28, 19.78, 19.5, 35, 30, 46, 46.71, 18, 7.41, 36, 39, 38, 41, 47, 43, 50, 48, 27, 6, 8, 13, 1, 24, 5, 20, 42, 45, 49]
ranked list : [5, 2, 8, 3, 41, 14, 47, 1, 31, 29, 18, 15, 36, 12, 23, 4, 22, 38, 30, 25, 11, 16, 27, 20, 19, 32, 28, 43, 44, 17, 9, 33, 35, 34, 37, 45, 40, 49, 46, 26, 7, 10, 13, 0, 24, 6, 21, 39, 42, 48]
 operation_index :[5, 2, 8, 3, 1, 4, 7, 1, 1, 9, 8, 5, 6, 2, 3, 4, 2, 8, 0, 5, 1, 6, 7, 0, 9, 2, 8, 3, 4, 7, 9, 3, 5, 4, 7, 5, 0, 9, 6, 6, 7, 0, 3, 0, 4, 6, 1, 9, 2, 8]
machine sequence: [3, 1, 2, 2, 1, 1, 1, 3, 4, 2, 4, 2, 2, 0, 4, 3, 3, 0, 0, 0, 2, 1, 3, 2, 4, 4, 1, 0, 4, 0, 3, 3, 4, 0, 4, 1, 3, 1, 0, 3, 2, 4, 1, 1, 2, 4, 0, 0, 2, 3]
 ptime sequence: [77, 14, 61, 95, 19, 45, 88, 11, 66, 54, 9, 20, 74, 75, 66, 6, 13, 62, 12, 76, 21, 88, 69, 94, 5, 16, 52, 7, 89, 62, 59, 7, 88, 15, 98, 53, 92, 15, 52, 27, 52, 91, 77, 7, 34, 9, 87, 88, 20, 90]
 Cmax: 631
