Genetic Algorithm Specifications
------------------------
N = 350, T = 450, pc = 0.8, pm = 0.05, pswap = 0.05, pinv = 0.05
Processing time = 34.57489466667175
best Cmax = 657
random generated numbers:[16.03, 8.81, 42.78, 38.05, 49.49, 9.21, 7.33, 41.08, 35.6, 34.99, 27.89, 36.08, 5.7, 45.93, 34.62, 39.23, 28.35, 1.84, 39.96, 30.04, 15.55, 17.01, 21.77, 8.56, 2.55, 0.74, 46.82, 31.17, 36.09, 29.93, 6.82, 16.28, 8.79, 35.49, 1.96, 1.18, 16.59, 29.01, 45.18, 41.79, 13.67, 41.88, 39.49, 48.29, 43.57, 46.02, 25.73, 6.06, 49.34, 22.74]
ranked list : [15, 11, 41, 34, 49, 12, 8, 38, 31, 29, 22, 32, 5, 44, 28, 35, 23, 2, 37, 26, 14, 18, 19, 9, 4, 0, 46, 27, 33, 25, 7, 16, 10, 30, 3, 1, 17, 24, 43, 39, 13, 40, 36, 47, 42, 45, 21, 6, 48, 20]
 operation_index :[5, 1, 1, 4, 9, 2, 8, 8, 1, 9, 2, 2, 5, 4, 8, 5, 3, 2, 7, 6, 4, 8, 9, 9, 4, 0, 6, 7, 3, 5, 7, 6, 0, 0, 3, 1, 7, 4, 3, 9, 3, 0, 6, 7, 2, 5, 1, 6, 8, 0]
machine sequence: [3, 1, 3, 1, 2, 1, 2, 4, 4, 4, 0, 3, 2, 3, 0, 0, 2, 4, 1, 2, 4, 1, 3, 1, 0, 0, 1, 3, 4, 4, 0, 0, 2, 3, 0, 2, 4, 2, 3, 0, 1, 4, 3, 2, 2, 1, 0, 4, 3, 1]
 ptime sequence: [77, 19, 11, 45, 54, 14, 61, 9, 66, 5, 75, 13, 20, 6, 62, 76, 95, 16, 88, 74, 89, 52, 59, 15, 15, 12, 88, 69, 66, 88, 62, 52, 94, 92, 7, 21, 98, 34, 7, 88, 77, 91, 27, 52, 20, 53, 87, 9, 90, 7]
 Cmax: 657
