Genetic Algorithm Specifications
------------------------
N = 350, T = 450, pc = 0.8, pm = 0.05, pswap = 0.05, pinv = 0.05
Processing time = 31.074678421020508
best Cmax = 667
random generated numbers:[31.57, 42.05, 12.43, 16.95, 29.46, 36.45, 8.37, 32.61, 29.61, 24.13, 38.72, 22.11, 44.27, 19.02, 24.01, 15.33, 25.0, 42.85, 25.76, 26.32, 38.01, 1.97, 6.42, 47.34, 1.8, 42.17, 5.81, 19.28, 11.85, 39.73, 22.76, 25.22, 38.16, 25.38, 16.19, 12.45, 31.86, 12.99, 43.45, 32.99, 8.65, 38.66, 41.98, 21.51, 26.48, 34.21, 15.28, 5.1, 22.55, 21.78]
ranked list : [32, 44, 8, 14, 30, 37, 5, 34, 31, 23, 41, 19, 48, 15, 22, 12, 24, 46, 27, 28, 38, 1, 4, 49, 0, 45, 3, 16, 7, 42, 21, 25, 39, 26, 13, 9, 33, 10, 47, 35, 6, 40, 43, 17, 29, 36, 11, 2, 20, 18]
 operation_index :[2, 4, 8, 4, 0, 7, 5, 4, 1, 3, 1, 9, 8, 5, 2, 2, 4, 6, 7, 8, 8, 1, 4, 9, 0, 5, 3, 6, 7, 2, 1, 5, 9, 6, 3, 9, 3, 0, 7, 5, 6, 0, 3, 7, 9, 6, 1, 2, 0, 8]
machine sequence: [1, 1, 2, 3, 0, 1, 3, 4, 1, 2, 3, 2, 4, 2, 0, 3, 0, 2, 3, 0, 1, 4, 2, 4, 2, 0, 4, 1, 0, 4, 2, 4, 3, 0, 0, 1, 3, 3, 4, 1, 3, 4, 1, 2, 0, 4, 0, 2, 1, 3]
 ptime sequence: [14, 45, 61, 6, 12, 88, 77, 89, 19, 95, 11, 54, 9, 20, 75, 13, 15, 74, 69, 62, 52, 66, 34, 5, 94, 76, 66, 88, 62, 16, 21, 88, 59, 52, 7, 15, 7, 92, 98, 53, 27, 91, 77, 52, 88, 9, 87, 20, 7, 90]
 Cmax: 667
