Genetic Algorithm Specifications
------------------------
N = 350, T = 450, pc = 0.8, pm = 0.05, pswap = 0.05, pinv = 0.05
Processing time = 30.408883571624756
best Cmax = 632
random generated numbers:[24.84, 38.31, 1.94, 20.62, 20.74, 2.0, 39.31, 6.65, 0.0, 29.56, 6.82, 48.29, 6.22, 3.67, 17.37, 20.99, 21.17, 25.31, 5.47, 24.56, 42.75, 38.38, 2.98, 15.54, 4.77, 47.71, 36.46, 3.83, 17.45, 41.16, 14.4, 15.56, 14.37, 11.47, 33.73, 35.12, 32.76, 26.11, 10.22, 10.63, 6.88, 34.68, 24.6, 43.88, 5.23, 0.86, 35.94, 3.39, 0.29, 20.69]
ranked list : [32, 42, 3, 25, 27, 4, 44, 13, 0, 35, 14, 49, 12, 7, 23, 28, 29, 33, 11, 30, 46, 43, 5, 21, 9, 48, 41, 8, 24, 45, 20, 22, 19, 18, 37, 39, 36, 34, 16, 17, 15, 38, 31, 47, 10, 2, 40, 6, 1, 26]
 operation_index :[2, 2, 3, 5, 7, 4, 4, 3, 0, 5, 4, 9, 2, 7, 3, 8, 9, 3, 1, 0, 6, 3, 5, 1, 9, 8, 1, 8, 4, 5, 0, 2, 9, 8, 7, 9, 6, 4, 6, 7, 5, 8, 1, 7, 0, 2, 0, 6, 1, 6]
machine sequence: [1, 0, 2, 3, 1, 1, 3, 4, 0, 2, 4, 2, 3, 3, 0, 2, 4, 3, 1, 2, 2, 1, 0, 3, 3, 4, 4, 0, 0, 4, 3, 4, 1, 1, 0, 0, 1, 2, 0, 4, 1, 3, 2, 2, 4, 2, 1, 3, 0, 4]
 ptime sequence: [14, 75, 95, 77, 88, 45, 6, 66, 12, 20, 89, 54, 13, 69, 7, 61, 5, 7, 19, 94, 74, 77, 76, 11, 59, 9, 66, 62, 15, 88, 92, 16, 15, 52, 62, 88, 88, 34, 52, 98, 53, 90, 21, 52, 91, 20, 7, 27, 87, 9]
 Cmax: 632
