Genetic Algorithm Specifications
------------------------
N = 350, T = 450, pc = 0.8, pm = 0.05, pswap = 0.05, pinv = 0.05
Processing time = 32.84515833854675
best Cmax = 680
random generated numbers:[18.1, 24.8, 35.07, 16.03, 24.63, 15.67, 6.5, 25.17, 42.87, 27.13, 2.02, 9.24, 8.46, 19.25, 7.66, 29.1, 3.32, 7.15, 33.83, 18.95, 30.91, 28.51, 15.83, 49.59, 9.19, 8.42, 25.29, 47.99, 29.81, 44.65, 16.06, 5.12, 12.51, 22.38, 19.28, 35.97, 35.56, 7.36, 23.01, 16.98, 17.4, 15.07, 1.98, 24.48, 10.32, 35.37, 9.06, 48.52, 11.31, 22.05]
ranked list : [23, 32, 41, 19, 31, 17, 4, 33, 45, 35, 1, 12, 9, 25, 7, 37, 2, 5, 40, 24, 39, 36, 18, 49, 11, 8, 34, 47, 38, 46, 20, 3, 15, 28, 26, 44, 43, 6, 29, 21, 22, 16, 0, 30, 13, 42, 10, 48, 14, 27]
 operation_index :[3, 2, 1, 9, 1, 7, 4, 3, 5, 5, 1, 2, 9, 5, 7, 7, 2, 5, 0, 4, 9, 6, 8, 9, 1, 8, 4, 7, 8, 6, 0, 3, 5, 8, 6, 4, 3, 6, 9, 1, 2, 6, 0, 0, 3, 2, 0, 8, 4, 7]
machine sequence: [2, 1, 1, 2, 3, 1, 1, 4, 3, 2, 4, 0, 4, 0, 3, 0, 3, 4, 0, 3, 3, 2, 2, 1, 2, 4, 4, 4, 0, 1, 2, 0, 1, 1, 0, 0, 3, 3, 0, 0, 4, 4, 3, 4, 1, 2, 1, 3, 2, 2]
 ptime sequence: [95, 14, 19, 54, 11, 88, 45, 66, 77, 20, 66, 75, 5, 76, 69, 62, 13, 88, 12, 6, 59, 74, 61, 15, 21, 9, 89, 98, 62, 88, 94, 7, 53, 52, 52, 15, 7, 27, 88, 87, 16, 9, 92, 91, 77, 20, 7, 90, 34, 52]
 Cmax: 680
