Genetic Algorithm Specifications
------------------------
N = 350, T = 450, pc = 0.8, pm = 0.05, pswap = 0.05, pinv = 0.05
Processing time = 29.766749143600464
best Cmax = 656
random generated numbers:[20.05, 33.71, 14.45, 3.27, 30.07, 27.4, 26.54, 12.88, 20.11, 37.44, 44.17, 2.91, 0.98, 1.74, 20.73, 41.3, 28.64, 37.67, 2.69, 31.59, 13.66, 1.07, 43.98, 47.61, 7.55, 41.73, 36.36, 12.15, 40.73, 30.51, 48.12, 4.94, 25.16, 26.59, 15.04, 48.07, 29.36, 4.7, 20.78, 42.19, 37.59, 4.96, 38.14, 45.01, 21.23, 32.94, 48.37, 12.09, 23.84, 10.84]
ranked list : [17, 33, 15, 5, 29, 26, 24, 13, 18, 35, 44, 4, 0, 2, 19, 40, 27, 37, 3, 31, 14, 1, 43, 46, 9, 41, 34, 12, 39, 30, 48, 7, 23, 25, 16, 47, 28, 6, 20, 42, 36, 8, 38, 45, 21, 32, 49, 11, 22, 10]
 operation_index :[7, 3, 5, 5, 9, 6, 4, 3, 8, 5, 4, 4, 0, 2, 9, 0, 7, 7, 3, 1, 4, 1, 3, 6, 9, 1, 4, 2, 9, 0, 8, 7, 3, 5, 6, 7, 8, 6, 0, 2, 6, 8, 8, 5, 1, 2, 9, 1, 2, 0]
machine sequence: [1, 2, 3, 2, 2, 2, 1, 4, 2, 0, 3, 4, 0, 1, 4, 2, 3, 0, 0, 1, 0, 3, 3, 1, 3, 4, 2, 0, 1, 3, 4, 4, 1, 4, 0, 2, 0, 3, 4, 3, 4, 1, 3, 1, 2, 4, 0, 0, 2, 1]
 ptime sequence: [88, 95, 77, 20, 54, 74, 45, 66, 61, 76, 6, 89, 12, 14, 5, 94, 69, 62, 7, 19, 15, 11, 7, 88, 59, 66, 34, 75, 15, 92, 9, 98, 77, 88, 52, 52, 62, 27, 91, 13, 9, 52, 90, 53, 21, 16, 88, 87, 20, 7]
 Cmax: 656
