Genetic Algorithm Specifications
------------------------
N = 350, T = 450, pc = 0.8, pm = 0.05, pswap = 0.05, pinv = 0.05
Processing time = 32.11691093444824
best Cmax = 672
random generated numbers:[41.79, 2.14, 11.7, 0.79, 45.55, 2.63, 25.89, 32.86, 22.71, 14.09, 37.84, 47.29, 47.22, 13.59, 30.94, 16.98, 47.77, 24.23, 41.07, 9.48, 15.47, 19.09, 10.69, 13.48, 49.39, 40.33, 37.9, 32.15, 3.3, 27.57, 2.27, 40.38, 31.59, 27.53, 29.7, 40.54, 4.71, 39.55, 38.09, 40.49, 10.36, 12.76, 16.64, 8.15, 7.15, 34.57, 0.24, 45.02, 17.53, 16.54]
ranked list : [43, 2, 12, 1, 45, 4, 25, 32, 23, 16, 34, 47, 46, 15, 29, 20, 48, 24, 42, 9, 17, 22, 11, 14, 49, 38, 35, 31, 5, 27, 3, 39, 30, 26, 28, 41, 6, 37, 36, 40, 10, 13, 19, 8, 7, 33, 0, 44, 21, 18]
 operation_index :[3, 2, 2, 1, 5, 4, 5, 2, 3, 6, 4, 7, 6, 5, 9, 0, 8, 4, 2, 9, 7, 2, 1, 4, 9, 8, 5, 1, 5, 7, 3, 9, 0, 6, 8, 1, 6, 7, 6, 0, 0, 3, 9, 8, 7, 3, 0, 4, 1, 8]
machine sequence: [2, 1, 0, 1, 3, 1, 2, 3, 4, 2, 3, 1, 1, 0, 2, 0, 2, 4, 4, 4, 3, 2, 3, 0, 3, 4, 4, 4, 1, 0, 0, 1, 2, 0, 0, 2, 3, 4, 4, 3, 4, 3, 0, 1, 2, 1, 1, 2, 0, 3]
 ptime sequence: [95, 14, 75, 19, 77, 45, 20, 13, 66, 74, 6, 88, 88, 76, 54, 12, 61, 89, 16, 5, 69, 20, 11, 15, 59, 9, 88, 66, 53, 62, 7, 15, 94, 52, 62, 21, 27, 98, 9, 92, 91, 7, 88, 52, 52, 77, 7, 34, 87, 90]
 Cmax: 672
