Genetic Algorithm Specifications
------------------------
N = 350, T = 450, pc = 0.8, pm = 0.05, pswap = 0.05, pinv = 0.05
Processing time = 35.36830139160156
best Cmax = 650
random generated numbers:[30.55, 32.88, 43.93, 30.87, 3.67, 38.79, 35.97, 33.58, 39.48, 19.59, 30.880000000000003, 3.71, 45.12, 14.56, 46.63, 3.96, 16.52, 26.61, 32.83, 10.0, 9.28, 0.96, 49.44, 21.06, 43.56, 40.47, 44.5, 40.2, 43.85, 44.9, 45.6, 20.71, 7.67, 33.54, 33.3, 18.53, 30.88, 28.42, 6.45, 25.64, 44.64, 20.07, 26.87, 33.73, 7.86, 49.84, 42.44, 0.93, 35.91, 13.61]
ranked list : [22, 27, 41, 23, 2, 34, 33, 30, 35, 14, 25, 3, 45, 11, 47, 4, 12, 19, 26, 9, 8, 1, 48, 17, 39, 37, 42, 36, 40, 44, 46, 16, 6, 29, 28, 13, 24, 21, 5, 18, 43, 15, 20, 31, 7, 49, 38, 0, 32, 10]
 operation_index :[2, 7, 1, 3, 2, 4, 3, 0, 5, 4, 5, 3, 5, 1, 7, 4, 2, 9, 6, 9, 8, 1, 8, 7, 9, 7, 2, 6, 0, 4, 6, 6, 6, 9, 8, 3, 4, 1, 5, 8, 3, 5, 0, 1, 7, 9, 8, 0, 2, 0]
machine sequence: [1, 1, 1, 2, 0, 1, 4, 0, 3, 3, 2, 0, 0, 3, 3, 4, 3, 2, 2, 4, 2, 4, 4, 0, 3, 4, 4, 1, 2, 0, 0, 3, 4, 1, 0, 3, 2, 2, 4, 1, 1, 1, 3, 0, 2, 0, 3, 4, 2, 1]
 ptime sequence: [14, 88, 19, 95, 75, 45, 66, 12, 77, 6, 20, 7, 76, 11, 69, 89, 13, 54, 74, 5, 61, 66, 9, 62, 59, 98, 16, 88, 94, 15, 52, 27, 9, 15, 62, 7, 34, 21, 88, 52, 77, 53, 92, 87, 52, 88, 90, 91, 20, 7]
 Cmax: 650
