Genetic Algorithm Specifications
------------------------
N = 350, T = 450, pc = 0.8, pm = 0.05, pswap = 0.05, pinv = 0.05
Processing time = 33.38263773918152
best Cmax = 664
random generated numbers:[11.84, 21.26, 27.35, 17.72, 30.63, 42.72, 37.35, 44.04, 30.4, 21.83, 4.76, 49.47, 15.59, 40.65, 37.65, 46.59, 45.78, 22.85, 2.48, 39.49, 35.5, 28.88, 41.25, 49.2, 27.0, 29.44, 29.73, 47.53, 35.47, 6.55, 43.29, 40.87, 22.38, 12.66, 19.73, 39.76, 37.62, 36.69, 9.06, 17.14, 1.86, 30.57, 22.16, 15.16, 49.35, 38.15, 48.31, 16.52, 37.23, 32.39]
ranked list : [5, 13, 19, 11, 25, 40, 31, 42, 23, 14, 2, 49, 8, 37, 33, 44, 43, 17, 1, 35, 28, 20, 39, 47, 21, 18, 22, 45, 27, 3, 41, 38, 16, 6, 12, 36, 32, 29, 4, 10, 0, 24, 15, 7, 48, 34, 46, 9, 30, 26]
 operation_index :[5, 3, 9, 1, 5, 0, 1, 2, 3, 4, 2, 9, 8, 7, 3, 4, 3, 7, 1, 5, 8, 0, 9, 7, 1, 8, 2, 5, 7, 3, 1, 8, 6, 6, 2, 6, 2, 9, 4, 0, 0, 4, 5, 7, 8, 4, 6, 9, 0, 6]
machine sequence: [3, 2, 2, 1, 2, 0, 3, 1, 4, 1, 0, 4, 2, 1, 0, 3, 3, 3, 4, 0, 4, 2, 3, 0, 2, 0, 3, 4, 4, 1, 0, 1, 2, 1, 4, 0, 2, 1, 4, 3, 4, 0, 1, 2, 3, 2, 3, 0, 1, 4]
 ptime sequence: [77, 95, 54, 19, 20, 12, 11, 14, 66, 45, 75, 5, 61, 88, 7, 6, 7, 69, 66, 76, 9, 94, 59, 62, 21, 62, 13, 88, 98, 77, 87, 52, 74, 88, 16, 52, 20, 15, 89, 92, 91, 15, 53, 52, 90, 34, 27, 88, 7, 9]
 Cmax: 664
