Genetic Algorithm Specifications
------------------------
N = 350, T = 450, pc = 0.8, pm = 0.05, pswap = 0.05, pinv = 0.05
Processing time = 33.98476839065552
best Cmax = 641
random generated numbers:[16.8, 43.19, 25.63, 20.89, 37.37, 42.05, 27.0, 39.07, 48.71, 4.22, 28.94, 35.73, 37.33, 47.75, 32.02, 19.96, 46.74, 37.41, 2.89, 28.55, 33.38, 46.99, 49.96, 12.65, 9.68, 23.25, 9.7, 16.9, 40.94, 26.81, 14.86, 8.08, 37.01, 22.99, 36.58, 41.19, 16.85, 33.27, 18.31, 20.49, 44.9, 25.08, 18.95, 9.39, 34.72, 39.41, 20.06, 34.32, 47.03, 32.93]
ranked list : [8, 42, 20, 16, 35, 41, 22, 37, 48, 1, 24, 31, 34, 47, 25, 13, 44, 36, 0, 23, 28, 45, 49, 6, 4, 18, 5, 10, 39, 21, 7, 2, 33, 17, 32, 40, 9, 27, 11, 15, 43, 19, 12, 3, 30, 38, 14, 29, 46, 26]
 operation_index :[8, 2, 0, 6, 5, 1, 2, 7, 8, 1, 4, 1, 4, 7, 5, 3, 4, 6, 0, 3, 8, 5, 9, 6, 4, 8, 5, 0, 9, 1, 7, 2, 3, 7, 2, 0, 9, 7, 1, 5, 3, 9, 2, 3, 0, 8, 4, 9, 6, 6]
machine sequence: [2, 1, 0, 2, 3, 1, 0, 1, 4, 3, 1, 4, 3, 3, 2, 2, 4, 1, 2, 4, 0, 0, 2, 0, 0, 1, 4, 3, 4, 2, 0, 3, 0, 4, 4, 4, 3, 2, 0, 1, 3, 1, 2, 1, 1, 3, 2, 0, 3, 4]
 ptime sequence: [61, 14, 12, 74, 77, 19, 75, 88, 9, 11, 45, 66, 6, 69, 20, 95, 89, 88, 94, 66, 62, 76, 54, 52, 15, 52, 88, 92, 5, 21, 62, 13, 7, 98, 16, 91, 59, 52, 87, 53, 7, 15, 20, 77, 7, 90, 34, 88, 27, 9]
 Cmax: 641
